-0.00
0.00
0.00
0.00
0.00
0.00
0.00
0.00
0.00
0.00
0.00
0.00
0.00
0.00
0.00
0.00
0.00
0.00
0.00
0.00
0.00
0.00
0.00
0.00
0.00
0.00
0.00
0.00
0.00
0.00
0.00
0.00
0.00
0.00
0.00
0.00
0.00
0.00
0.00
0.00
0.00
0.00
0.00
0.00
0.00
0.00
0.00
0.00
0.00
0.00
0.00
0.00
0.00
0.00
0.00
0.00
0.00
0.00
0.00
0.00
0.00
0.00
0.00
0.00
0.00
0.00
0.00
0.00
0.00
0.00
0.00
0.00
0.00
0.00
0.00
0.00
0.00
0.00
0.00
0.00
0.00
0.00
0.00
0.00
0.00
0.00
0.00
0.00
0.00
0.00
0.00
0.00
0.00
0.00
0.00
0.00
0.00
0.00
0.00
0.00
0.00
0.00
0.00
0.00
0.00
0.00
0.00
0.00
0.00
0.00
0.00
0.00
0.00
0.00
0.00
0.00
0.00
0.00
0.00
0.00
0.00
0.00
0.00
0.00
0.00
0.00
0.00
0.00
0.00
0.00
0.00
0.00
0.00
0.00
0.00
0.00
0.00
0.00
0.00
0.00
0.00
0.00
0.00
0.00
0.00
0.00
0.00
0.00
0.00
0.00
0.00
0.00
0.00
0.00
0.00
0.00
0.00
0.00
0.00
0.00
0.00
0.00
0.00
0.00
0.00
0.00
0.00
0.00
0.00
0.00
0.00
0.00
0.00
0.00
0.00
0.00
0.00
0.00
0.00
0.00
0.00
0.00
0.00
0.00
0.00
0.00
0.00
0.00
0.00
0.00
0.00
0.00
0.00
0.00
0.00
0.00
0.00
0.00
0.00
0.00
0.00
0.00
0.00
0.00
0.00
0.00
0.00
0.00
0.00
0.00
0.00
0.00
0.00
0.00
0.00
0.00
0.00
0.00
0.00
0.00
0.00
0.00
0.00
0.00
0.00
0.00
0.00
0.00
0.00
0.00
0.00
0.00
0.00
0.00
0.00
0.00
0.00
0.00
0.00
0.00
0.00
0.00
0.00
0.00
0.00
0.00
0.00
0.00
0.00
0.00
0.00
0.00
0.00
0.00
0.00
0.00
0.00
0.00
0.00
0.00
0.00
0.00
0.00
0.00
0.00
0.00
0.00
0.00
0.00
0.00
0.00
0.00
0.00
0.00
0.00
0.00
0.00
0.00
0.00
0.00
0.00
0.00
0.00
0.00
0.00
0.00
0.00
0.00
0.00
0.00
0.00
0.00
0.00
0.00
0.00
0.00
0.00
0.00
0.00
0.00
0.00
0.00
0.00
0.00
0.00
0.00
0.00
0.00
0.00
0.00
0.00
0.00
0.00
0.00
0.00
0.00
0.00
0.00
0.00
0.00
0.00
0.00
0.00
0.00
0.00
0.00
0.00
0.00
0.00
0.00
0.00
0.00
0.00
0.00
0.00
0.00
0.00
0.00
0.00
0.00
0.00
0.00
0.00
0.00
0.00
0.00
0.00
0.00
0.00
0.00
0.00
0.00
0.00
0.00
0.00
0.00
0.00
0.00
0.00
0.00
0.00
0.00
0.00
0.00
0.00
0.00
0.00
0.00
0.00
0.00
0.00
0.00
0.00
0.00
0.00
0.00
0.00
0.00
0.00
0.00
0.00
0.00
0.00
0.00
0.00
0.00
0.00
0.00
0.00
0.00
0.01
0.01
0.01
0.01
0.01
0.01
0.01
0.01
0.01
0.01
0.01
0.01
0.01
0.01
0.01
0.01
0.01
0.01
0.01
0.01
0.01
0.01
0.01
0.01
0.02
0.02
0.02
0.02
0.02
0.02
0.02
0.02
0.02
0.02
0.02
0.03
0.03
0.03
0.03
0.03
0.03
0.03
0.04
0.04
0.04
0.04
0.04
0.05
0.05
0.05
0.05
0.05
0.06
0.06
0.06
0.06
0.07
0.07
0.07
0.08
0.08
0.08
0.09
0.09
0.09
0.10
0.10
0.11
0.11
0.12
0.12
0.12
0.13
0.13
0.14
0.14
0.15
0.15
0.16
0.17
0.17
0.18
0.18
0.19
0.19
0.20
0.21
0.21
0.22
0.22
0.23
0.23
0.24
0.25
0.25
0.26
0.26
0.27
0.28
0.28
0.29
0.29
0.30
0.30
0.31
0.31
0.32
0.32
0.32
0.33
0.33
0.33
0.34
0.34
0.34
0.34
0.35
0.35
0.35
0.35
0.35
0.35
0.35
0.34
0.34
0.34
0.33
0.33
0.32
0.31
0.31
0.30
0.29
0.28
0.27
0.26
0.25
0.24
0.23
0.22
0.22
0.21
0.20
0.20
0.20
0.19
0.19
0.19
0.19
0.19
0.19
0.20
0.20
0.20
0.21
0.21
0.22
0.22
0.23
0.24
0.25
0.25
0.26
0.27
0.28
0.29
0.30
0.31
0.32
0.34
0.35
0.36
0.37
0.39
0.40
0.41
0.43
0.44
0.46
0.47
0.49
0.51
0.52
0.54
0.56
0.57
0.59
0.61
0.63
0.65
0.67
0.70
0.72
0.74
0.76
0.79
0.81
0.83
0.86
0.88
0.91
0.93
0.95
0.98
1.00
1.03
1.05
1.07
1.10
1.12
1.14
1.17
1.19
1.21
1.24
1.26
1.28
1.31
1.33
1.36
1.38
1.41
1.43
1.46
1.48
1.51
1.53
1.56
1.59
1.62
1.64
1.67
1.70
1.73
1.76
1.79
1.82
1.85
1.88
1.92
1.95
1.98
2.02
2.05
2.09
2.12
2.16
2.19
2.23
2.27
2.30
2.34
2.38
2.41
2.45
2.48
2.52
2.55
2.59
2.62
2.65
2.68
2.71
2.74
2.76
2.79
2.81
2.83
2.85
2.86
2.88
2.89
2.89
2.90
2.90
2.90
2.89
2.88
2.87
2.86
2.85
2.85
2.85
2.85
2.86
2.87
2.88
2.90
2.91
2.93
2.96
2.98
3.01
3.04
3.07
3.10
3.14
3.17
3.21
3.24
3.28
3.32
3.36
3.39
3.43
3.47
3.51
3.55
3.59
3.63
3.67
3.70
3.74
3.78
3.82
3.85
3.89
3.93
3.96
4.00
4.03
4.07
4.11
4.14
4.18
4.21
4.25
4.29
4.33
4.37
4.40
4.44
4.49
4.53
4.57
4.62
4.66
4.70
4.75
4.79
4.83
4.86
4.90
4.93
4.97
5.00
5.03
5.06
5.09
5.12
5.14
5.17
5.19
5.22
5.24
5.27
5.29
5.31
5.33
5.36
5.38
5.40
5.42
5.44
5.46
5.48
5.49
5.51
5.53
5.55
5.57
5.58
5.60
5.61
5.63
5.64
5.66
5.67
5.69
5.70
5.71
5.73
5.74
5.75
5.76
5.77
5.78
5.79
5.80
5.81
5.82
5.83
5.84
5.85
5.85
5.86
5.87
5.88
5.89
5.89
5.90
5.91
5.92
5.93
5.93
5.94
5.95
5.96
5.97
5.98
5.99
6.00
6.01
6.02
6.02
6.03
6.04
6.05
6.06
6.07
6.08
6.09
6.11
6.12
6.13
6.14
6.15
6.16
6.17
6.18
6.19
6.20
6.21
6.22
6.23
6.24
6.26
6.27
6.28
6.29
6.30
6.31
6.32
6.33
6.34
6.36
6.37
6.38
6.39
6.40
6.41
6.42
6.44
6.45
6.46
6.47
6.48
6.49
6.51
6.52
6.53
6.54
6.55
6.57
6.58
6.59
6.60
6.62
6.63
6.64
6.66
6.67
6.68
6.69
6.71
6.72
6.74
6.75
6.76
6.78
6.79
6.81
6.82
6.84
6.85
6.87
6.88
6.90
6.91
6.93
6.95
6.96
6.98
7.00
7.02
7.03
7.05
7.07
7.09
7.11
7.13
7.15
7.17
7.19
7.21
7.23
7.25
7.27
7.29
7.32
7.34
7.37
7.39
7.41
7.44
7.47
7.49
7.52
7.55
7.58
7.61
7.64
7.67
7.70
7.73
7.76
7.80
7.83
7.87
7.90
7.94
7.97
8.01
8.05
8.08
8.12
8.16
8.19
8.23
8.26
8.30
8.33
8.37
8.40
8.44
8.47
8.51
8.54
8.57
8.61
8.64
8.67
8.71
8.74
8.77
8.80
8.83
8.86
8.89
8.92
8.95
8.97
9.00
9.02
9.05
9.07
9.09
9.11
9.13
9.14
9.16
9.17
9.19
9.20
9.21
9.23
9.24
9.26
9.27
9.29
9.31
9.33
9.36
9.38
9.41
9.43
9.46
9.49
9.52
9.55
9.59
9.62
9.65
9.69
9.72
9.76
9.80
9.83
9.87
9.91
9.95
9.99
10.03
10.07
10.11
10.15
10.19
10.24
10.28
10.32
10.36
10.41
10.45
10.49
10.53
10.58
10.62
10.65
10.69
10.73
10.77
10.80
10.84
10.87
10.90
10.93
10.96
10.99
11.02
11.05
11.08
11.11
11.13
11.16
11.18
11.21
11.23
11.26
11.28
11.30
11.32
11.34
11.36
11.38
11.40
11.42
11.43
11.45
11.47
11.48
11.50
11.51
11.52
11.53
11.55
11.56
11.57
11.58
11.59
11.60
11.61
11.61
11.62
11.63
11.63
11.64
11.64
11.65
11.65
11.65
11.66
11.66
11.66
11.66
11.67
11.67
11.67
11.67
11.67
11.67
11.67
11.68
11.68
11.68
11.68
11.68
11.68
11.68
11.68
11.68
11.69
11.69
11.69
11.69
11.69
11.69
11.69
11.70
11.70
11.70
11.70
11.70
11.70
11.71
11.71
11.71
11.71
11.72
11.72
11.72
11.73
11.73
11.74
11.74
11.74
11.75
11.75
11.76
11.77
11.77
11.78
11.79
11.79
11.80
11.81
11.82
11.83
11.84
11.85
11.87
11.88
11.89
11.91
11.92
11.94
11.96
11.97
11.99
12.01
12.03
12.05
12.06
12.08
12.10
12.11
12.13
12.14
12.15
12.16
12.17
12.18
12.19
12.19
12.20
12.20
12.20
12.21
12.21
12.21
12.21
12.20
12.20
12.20
12.19
12.19
12.18
12.18
12.17
12.16
12.16
12.15
12.14
12.13
12.12
12.11
12.10
12.09
12.08
12.07
12.05
12.04
12.03
12.01
12.00
11.98
11.97
11.95
11.94
11.92
11.90
11.89
11.87
11.85
11.83
11.81
11.79
11.76
11.74
11.72
11.70
11.68
11.65
11.63
11.61
11.59
11.57
11.54
11.52
11.50
11.48
11.46
11.44
11.41
11.39
11.37
11.35
11.33
11.31
11.28
11.26
11.24
11.22
11.20
11.17
11.15
11.13
11.10
11.08
11.06
11.03
11.01
10.98
10.96
10.93
10.91
10.88
10.85
10.82
10.79
10.77
10.74
10.70
10.67
10.64
10.61
10.58
10.54
10.51
10.47
10.44
10.40
10.36
10.33
10.29
10.25
10.21
10.17
10.13
10.09
10.05
10.01
9.97
9.93
9.89
9.85
9.82
9.78
9.74
9.71
9.68
9.64
9.61
9.59
9.56
9.54
9.51
9.49
9.48
9.46
9.45
9.44
9.44
9.43
9.44
9.44
9.45
9.47
9.48
9.50
9.51
9.52
9.53
9.53
9.53
9.52
9.51
9.50
9.49
9.47
9.45
9.43
9.40
9.38
9.35
9.32
9.29
9.25
9.22
9.18
9.14
9.11
9.07
9.03
8.99
8.95
8.91
8.87
8.83
8.79
8.75
8.71
8.67
8.64
8.60
8.56
8.53
8.49
8.46
8.42
8.39
8.35
8.32
8.29
8.26
8.23
8.20
8.17
8.14
8.11
8.08
8.06
8.03
8.00
7.97
7.95
7.92
7.90
7.87
7.84
7.82
7.79
7.77
7.74
7.72
7.69
7.67
7.64
7.61
7.59
7.56
7.53
7.50
7.48
7.45
7.42
7.39
7.36
7.33
7.31
7.28
7.25
7.23
7.20
7.18
7.16
7.13
7.11
7.09
7.07
7.06
7.04
7.02
7.00
6.99
6.97
6.96
6.95
6.93
6.92
6.90
6.89
6.88
6.87
6.86
6.85
6.84
6.83
6.83
6.82
6.82
6.81
6.81
6.81
6.80
6.80
6.80
6.81
6.81
6.81
6.82
6.82
6.83
6.84
6.85
6.86
6.87
6.88
6.89
6.91
6.92
6.94
6.95
6.96
6.98
6.99
7.00
7.02
7.03
7.04
7.05
7.06
7.06
7.07
7.08
7.09
7.09
7.10
7.10
7.11
7.11
7.12
7.12
7.12
7.13
7.13
7.13
7.13
7.14
7.14
7.14
7.14
7.14
7.14
7.15
7.15
7.15
7.15
7.15
7.15
7.15
7.15
7.15
7.16
7.16
7.16
7.16
7.16
7.16
7.16
7.16
7.16
7.17
7.17
7.17
7.17
7.17
7.17
7.18
7.18
7.18
7.18
7.19
7.19
7.19
7.19
7.20
7.20
7.20
7.21
7.21
7.22
7.22
7.23
7.23
7.24
7.24
7.25
7.25
7.26
7.27
7.28
7.28
7.29
7.30
7.31
7.32
7.33
7.34
7.35
7.37
7.38
7.39
7.40
7.42
7.43
7.45
7.46
7.48
7.50
7.51
7.53
7.55
7.57
7.59
7.61
7.63
7.65
7.67
7.70
7.72
7.74
7.77
7.79
7.82
7.85
7.87
7.90
7.93
7.96
7.99
8.02
8.05
8.09
8.12
8.15
8.19
8.22
8.26
8.29
8.33
8.37
8.40
8.44
8.47
8.51
8.55
8.58
8.62
8.65
8.69
8.72
8.76
8.79
8.83
8.86
8.89
8.93
8.96
8.99
9.02
9.05
9.08
9.11
9.14
9.17
9.19
9.22
9.24
9.27
9.29
9.31
9.33
9.36
9.38
9.40
9.42
9.44
9.46
9.48
9.50
9.53
9.55
9.58
9.60
9.63
9.65
9.68
9.71
9.74
9.77
9.80
9.83
9.86
9.90
9.93
9.96
10.00
10.03
10.07
10.10
10.14
10.17
10.21
10.25
10.28
10.32
10.36
10.39
10.43
10.47
10.50
10.54
10.57
10.61
10.64
10.68
10.71
10.74
10.78
10.81
10.84
10.87
10.90
10.93
10.95
10.98
11.01
11.03
11.06
11.08
11.11
11.13
11.15
11.17
11.19
11.21
11.23
11.25
11.27
11.29
11.31
11.32
11.34
11.36
11.37
11.38
11.40
11.41
11.42
11.44
11.45
11.46
11.47
11.48
11.49
11.50
11.51
11.52
11.52
11.53
11.54
11.55
11.55
11.56
11.56
11.57
11.57
11.58
11.58
11.59
11.59
11.60
11.60
11.61
11.61
11.61
11.62
11.62
11.62
11.63
11.63
11.63
11.63
11.64
11.64
11.64
11.64
11.65
11.65
11.65
11.65
11.66
11.66
11.66
11.66
11.66
11.67
11.67
11.67
11.67
11.67
11.68
11.68
11.68
11.68
11.68
11.69
11.69
11.69
11.69
11.70
11.70
11.70
11.71
11.71
11.71
11.72
11.72
11.73
11.73
11.74
11.74
11.75
11.76
11.76
11.77
11.78
11.79
11.80
11.81
11.82
11.83
11.84
11.86
11.87
11.88
11.90
11.91
11.93
11.94
11.96
11.97
11.98
11.99
12.01
12.02
12.03
12.03
12.04
12.05
12.05
12.05
12.06
12.06
12.06
12.06
12.06
12.05
12.05
12.05
12.04
12.04
12.03
12.03
12.02
12.01
12.00
11.99
11.98
11.97
11.96
11.95
11.94
11.93
11.92
11.90
11.89
11.88
11.86
11.85
11.83
11.81
11.80
11.78
11.76
11.74
11.72
11.70
11.68
11.66
11.63
11.61
11.58
11.56
11.53
11.51
11.48
11.45
11.42
11.40
11.37
11.34
11.32
11.29
11.26
11.24
11.21
11.19
11.16
11.13
11.11
11.08
11.06
11.03
11.01
10.98
10.96
10.93
10.90
10.88
10.85
10.83
10.80
10.77
10.74
10.71
10.69
10.66
10.63
10.60
10.57
10.53
10.50
10.47
10.44
10.41
10.37
10.34
10.30
10.27
10.23
10.20
10.16
10.12
10.09
10.05
10.01
9.98
9.94
9.91
9.87
9.84
9.80
9.77
9.74
9.71
9.68
9.65
9.62
9.60
9.57
9.55
9.53
9.52
9.50
9.49
9.48
9.48
9.47
9.47
9.48
9.49
9.50
9.51
9.52
9.53
9.53
9.54
9.53
9.53
9.52
9.51
9.50
9.48
9.46
9.44
9.42
9.39
9.37
9.34
9.31
9.28
9.25
9.21
9.18
9.14
9.11
9.07
9.03
9.00
8.96
8.92
8.89
8.85
8.81
8.78
8.74
8.71
8.67
8.64
8.60
8.57
8.53
8.50
8.47
8.44
8.40
8.37
8.34
8.31
8.28
8.25
8.22
8.19
8.16
8.13
8.10
8.07
8.04
8.01
7.98
7.95
7.92
7.89
7.86
7.83
7.79
7.76
7.73
7.69
7.66
7.62
7.59
7.56
7.53
7.49
7.46
7.44
7.41
7.38
7.36
7.33
7.31
7.29
7.26
7.24
7.22
7.20
7.19
7.17
7.15
7.13
7.12
7.10
7.09
7.07
7.06
7.04
7.03
7.02
7.01
7.00
6.99
6.98
6.97
6.96
6.95
6.94
6.94
6.93
6.92
6.92
6.92
6.91
6.91
6.91
6.91
6.91
6.92
6.92
6.92
6.93
6.93
6.94
6.95
6.95
6.96
6.97
6.98
6.98
6.99
7.00
7.01
7.01
7.02
7.02
7.03
7.03
7.04
7.04
7.04
7.05
7.05
7.05
7.05
7.06
7.06
7.06
7.06
7.06
7.06
7.06
7.06
7.06
7.06
7.06
7.06
7.06
7.06
7.06
7.07
7.07
7.07
7.07
7.07
7.07
7.07
7.07
7.07
7.07
7.07
7.07
7.07
7.08
7.08
7.08
7.08
7.08
7.09
7.09
7.09
7.09
7.10
7.10
7.11
7.11
7.11
7.12
7.12
7.13
7.13
7.14
7.15
7.15
7.16
7.16
7.17
7.18
7.19
7.19
7.20
7.21
7.22
7.23
7.24
7.25
7.26
7.27
7.28
7.29
7.30
7.31
7.33
7.34
7.35
7.36
7.38
7.39
7.41
7.42
7.43
7.45
7.46
7.50
7.51
7.53
7.54
7.56
7.58
7.60
7.61
7.63
7.65
7.67
7.69
7.70
7.72
7.74
7.76
7.78
7.80
7.82
7.84
7.86
7.88
7.90
7.92
7.94
7.96
7.98
8.00
8.02
8.04
8.06
8.08
8.10
8.12
8.14
8.16
8.18
8.20
8.22
8.23
8.25
8.27
8.29
8.30
8.32
8.33
8.35
8.36
8.38
8.39
8.40
8.42
8.43
8.45
8.46
8.48
8.50
8.51
8.53
8.55
8.58
8.60
8.62
8.65
8.67
8.70
8.73
8.76
8.79
8.82
8.85
8.89
8.92
8.96
8.99
9.03
9.07
9.10
9.14
9.18
9.22
9.27
9.31
9.35
9.39
9.44
9.48
9.53
9.57
9.61
9.66
9.70
9.74
9.78
9.82
9.86
9.90
9.93
9.97
10.01
10.04
10.07
10.11
10.14
10.17
10.20
10.23
10.26
10.28
10.31
10.33
10.36
10.38
10.40
10.42
10.44
10.46
10.48
10.49
10.51
10.52
10.54
10.55
10.56
10.58
10.59
10.60
10.62
10.63
10.65
10.66
10.68
10.69
10.71
10.72
10.74
10.76
10.77
10.79
10.81
10.83
10.84
10.86
10.88
10.90
10.92
10.94
10.95
10.97
10.99
11.01
11.03
11.05
11.06
11.08
11.10
11.12
11.13
11.15
11.17
11.19
11.20
11.22
11.24
11.25
11.27
11.28
11.30
11.32
11.33
11.35
11.36
11.37
11.39
11.40
11.42
11.43
11.44
11.45
11.47
11.48
11.49
11.50
11.51
11.53
11.54
11.55
11.56
11.57
11.58
11.59
11.60
11.61
11.61
11.62
11.63
11.64
11.65
11.65
11.66
11.67
11.68
11.68
11.69
11.69
11.70
11.71
11.71
11.72
11.72
11.73
11.73
11.74
11.74
11.75
11.75
11.76
11.76
11.77
11.77
11.77
11.78
11.78
11.79
11.79
11.79
11.80
11.80
11.80
11.81
11.82
11.82
11.83
11.83
11.84
11.84
11.85
11.85
11.86
11.86
11.87
11.87
11.88
11.89
11.90
11.90
11.91
11.92
11.93
11.94
11.95
11.96
11.97
11.98
11.99
12.01
12.02
12.03
12.04
12.05
12.06
12.07
12.08
12.09
12.10
12.11
12.11
12.12
12.12
12.13
12.13
12.13
12.13
12.14
12.14
12.13
12.13
12.13
12.13
12.13
12.12
12.12
12.11
12.11
12.10
12.09
12.09
12.08
12.07
12.07
12.06
12.05
12.04
12.03
12.02
12.01
12.00
11.99
11.98
11.96
11.95
11.94
11.93
11.91
11.90
11.89
11.87
11.86
11.84
11.83
11.81
11.80
11.78
11.76
11.75
11.73
11.71
11.69
11.67
11.65
11.63
11.61
11.59
11.57
11.55
11.52
11.50
11.47
11.45
11.42
11.40
11.37
11.34
11.32
11.29
11.26
11.23
11.21
11.18
11.15
11.13
11.10
11.07
11.05
11.02
10.99
10.97
10.94
10.91
10.88
10.86
10.83
10.80
10.77
10.74
10.72
10.69
10.66
10.63
10.60
10.57
10.54
10.51
10.48
10.45
10.42
10.39
10.36
10.33
10.30
10.27
10.24
10.21
10.18
10.15
10.12
10.09
10.06
10.04
10.01
9.98
9.96
9.93
9.91
9.89
9.87
9.85
9.83
9.82
9.80
9.79
9.78
9.77
9.77
9.76
9.76
9.76
9.76
9.76
9.76
9.75
9.74
9.73
9.72
9.71
9.69
9.67
9.65
9.63
9.60
9.58
9.55
9.52
9.49
9.46
9.43
9.40
9.37
9.33
9.30
9.26
9.23
9.19
9.16
9.12
9.08
9.05
9.01
8.97
8.94
8.90
8.86
8.82
8.78
8.74
8.70
8.66
8.62
8.58
8.54
8.50
8.45
8.41
8.36
8.32
8.27
8.23
8.19
8.15
8.11
8.07
8.03
8.00
7.96
7.93
7.89
7.86
7.83
7.80
7.77
7.74
7.71
7.69
7.66
7.63
7.61
7.58
7.56
7.53
7.51
7.48
7.46
7.44
7.41
7.39
7.37
7.35
7.32
7.30
7.28
7.26
7.24
7.22
7.20
7.18
7.17
7.15
7.13
7.11
7.09
7.08
7.06
7.04
7.03
7.01
7.00
6.98
6.97
6.95
6.94
6.92
6.91
6.90
6.88
6.87
6.86
6.84
6.83
6.82
6.81
6.80
6.79
6.77
6.76
6.75
6.74
6.73
6.72
6.71
6.70
6.69
6.68
6.67
6.66
6.65
6.65
6.64
6.63
6.62
6.61
6.60
6.60
6.59
6.58
6.57
6.57
6.56
6.55
6.54
6.54
6.53
6.52
6.52
6.51
6.50
6.50
6.49
6.49
6.48
6.48
6.47
6.46
6.46
6.46
6.45
6.45
6.44
6.44
6.43
6.43
6.43
6.42
6.42
6.42
6.42
6.41
6.41
6.41
6.41
6.41
6.41
6.41
6.41
6.41
6.41
6.42
6.42
6.42
6.42
6.43
6.43
6.44
6.44
6.45
6.45
6.46
6.46
6.47
6.48
6.49
6.49
6.50
6.51
6.52
6.53
6.53
6.54
6.55
6.55
6.56
6.57
6.57
6.58
6.58
6.59
6.59
6.60
6.60
6.61
6.61
6.62
6.62
6.62
6.63
6.63
6.63
6.63
6.64
6.64
6.64
6.64
6.65
6.65
6.65
6.65
6.65
6.65
6.66
6.66
6.66
6.66
6.66
6.67
6.67
6.67
6.67
6.67
6.67
6.68
6.68
6.68
6.68
6.69
6.69
6.69
6.69
6.70
6.70
6.70
6.70
6.71
6.71
6.71
6.72
6.72
6.72
6.73
6.73
6.74
6.74
6.74
6.75
6.75
6.76
6.76
6.77
6.77
6.77
6.78
6.78
6.79
6.79
6.80
6.80
6.81
6.81
6.82
6.83
6.83
6.84
6.84
6.85
6.85
6.86
6.86
6.87
6.88
6.88
6.89
6.89
6.90
6.90
6.91
6.91
6.92
6.93
6.93
6.94
6.94
6.95
6.96
6.96
6.97
6.98
6.98
6.99
7.00
7.00
7.01
7.02
7.03
7.04
7.05
7.06
7.07
7.08
7.09
7.10
7.11
7.13
7.14
7.15
7.17
7.18
7.20
7.21
7.23
7.24
7.26
7.28
7.29
7.31
7.33
7.35
7.37
7.38
7.40
7.42
7.44
7.47
7.49
7.51
7.53
7.55
7.58
7.60
7.63
7.65
7.68
7.70
7.73
7.76
7.79
7.82
7.85
7.88
7.91
7.95
7.98
8.02
8.06
8.11
8.15
8.20
8.24
8.29
8.33
8.38
8.42
8.46
8.50
8.54
8.58
8.62
8.66
8.69
8.73
8.76
8.80
8.84
8.87
8.91
8.94
8.98
9.02
9.05
9.09
9.13
9.16
9.20
9.24
9.27
9.31
9.35
9.39
9.42
9.46
9.50
9.54
9.57
9.61
9.64
9.68
9.71
9.74
9.77
9.80
9.83
9.86
9.88
9.90
9.92
9.94
9.96
9.97
9.98
9.99
10.00
10.00
10.00
9.99
9.98
9.97
9.96
9.95
9.94
9.93
9.93
9.93
9.93
9.93
9.94
9.95
9.96
9.98
9.99
10.01
10.03
10.05
10.07
10.09
10.12
10.14
10.17
10.19
10.22
10.25
10.28
10.31
10.34
10.37
10.41
10.44
10.47
10.50
10.54
10.57
10.60
10.63
10.66
10.70
10.73
10.76
10.79
10.82
10.85
10.88
10.91
10.94
10.97
10.99
11.02
11.05
11.08
11.10
11.13
11.15
11.18
11.20
11.22
11.25
11.27
11.29
11.31
11.34
11.36
11.38
11.40
11.42
11.44
11.46
11.47
11.49
11.51
11.53
11.54
11.56
11.58
11.59
11.61
11.62
11.64
11.65
11.67
11.68
11.70
11.71
11.72
11.74
11.75
11.76
11.78
11.79
11.80
11.81
11.82
11.83
11.85
11.86
11.87
11.88
11.89
11.90
11.91
11.92
11.93
11.94
11.95
11.96
11.97
11.98
11.99
12.00
12.01
12.02
12.02
12.03
12.04
12.05
12.06
12.07
12.08
12.09
12.10
12.11
12.12
12.13
12.13
12.14
12.15
12.16
12.17
12.18
12.19
12.20
12.21
12.22
12.24
12.25
12.26
12.27
12.28
12.29
12.30
12.31
12.33
12.34
12.35
12.36
12.37
12.39
12.40
12.41
12.42
12.43
12.45
12.46
12.47
12.48
12.49
12.50
12.51
12.53
12.54
12.55
12.56
12.56
12.57
12.58
12.59
12.60
12.61
12.62
12.62
12.63
12.64
12.64
12.65
12.66
12.66
12.67
12.67
12.68
12.68
12.69
12.69
12.70
12.70
12.71
12.71
12.72
12.72
12.72
12.73
12.73
12.74
12.74
12.74
12.75
12.75
12.75
12.76
12.76
12.76
12.77
12.77
12.77
12.78
12.78
12.78
12.79
12.79
12.79
12.79
12.80
12.80
12.80
12.81
12.81
12.81
12.81
12.82
12.82
12.82
12.83
12.83
12.83
12.83
12.84
12.84
12.84
12.84
12.84
12.85
12.85
12.85
12.85
12.85
12.86
12.86
12.86
12.86
12.86
12.86
12.87
12.87
12.87
12.87
12.87
12.87
12.87
12.87
12.87
12.87
12.87
12.87
12.87
12.87
12.88
12.88
12.88
12.88
12.88
12.88
12.88
12.89
12.89
12.89
12.89
12.90
12.90
12.90
12.91
12.91
12.92
12.92
12.93
12.94
12.94
12.95
12.95
12.96
12.97
12.98
12.99
12.99
13.00
13.01
13.02
13.03
13.04
13.05
13.06
13.07
13.08
13.10
13.11
13.12
13.13
13.14
13.16
13.17
13.18
13.20
13.21
13.22
13.24
13.25
13.27
13.28
13.30
13.31
13.33
13.35
13.36
13.38
13.40
13.41
13.43
13.45
13.47
13.48
13.50
13.52
13.54
13.56
13.58
13.60
13.62
13.64
13.66
13.69
13.71
13.73
13.75
13.78
13.80
13.83
13.85
13.88
13.90
13.93
13.96
13.99
14.01
14.04
14.08
14.11
14.14
14.18
14.21
14.25
14.29
14.33
14.37
14.41
14.45
14.49
14.53
14.57
14.61
14.64
14.68
14.72
14.76
14.79
14.83
14.86
14.90
14.93
14.97
15.00
15.04
15.07
15.11
15.14
15.18
15.21
15.25
15.28
15.31
15.35
15.38
15.41
15.45
15.48
15.51
15.54
15.57
15.60
15.63
15.66
15.69
15.71
15.73
15.76
15.78
15.80
15.81
15.83
15.84
15.85
15.86
15.86
15.87
15.87
15.87
15.87
15.87
15.87
15.87
15.88
15.89
15.90
15.91
15.93
15.94
15.96
15.98
16.00
16.02
16.05
16.07
16.10
16.13
16.15
16.18
16.21
16.24
16.27
16.30
16.33
16.36
16.39
16.43
16.46
16.49
16.52
16.55
16.58
16.61
16.64
16.67
16.70
16.74
16.77
16.80
16.83
16.86
16.89
16.92
16.95
16.97
17.00
17.03
17.06
17.09
17.12
17.15
17.18
17.21
17.25
17.28
17.31
17.34
17.37
17.40
17.43
17.46
17.49
17.52
17.55
17.58
17.61
17.63
17.66
17.68
17.71
17.73
17.75
17.77
17.79
17.81
17.83
17.85
17.87
17.89
17.91
17.93
17.94
17.96
17.98
17.99
18.01
18.02
18.04
18.05
18.06
18.08
18.09
18.10
18.11
18.13
18.14
18.15
18.16
18.17
18.18
18.19
18.20
18.21
18.22
18.23
18.23
18.24
18.25
18.25
18.26
18.26
18.27
18.27
18.28
18.28
18.28
18.29
18.29
18.29
18.29
18.29
18.29
18.28
18.28
18.28
18.27
18.27
18.26
18.26
18.25
18.24
18.23
18.22
18.21
18.20
18.19
18.18
18.17
18.16
18.15
18.14
18.13
18.12
18.11
18.10
18.10
18.09
18.08
18.07
18.06
18.05
18.05
18.04
18.03
18.02
18.02
18.01
18.00
18.00
17.99
17.98
17.98
17.97
17.96
17.96
17.95
17.94
17.94
17.93
17.92
17.92
17.91
17.90
17.90
17.89
17.88
17.87
17.87
17.86
17.85
17.84
17.84
17.83
17.82
17.81
17.80
17.79
17.78
17.77
17.76
17.75
17.74
17.73
17.72
17.71
17.70
17.69
17.68
17.67
17.66
17.64
17.63
17.62
17.61
17.59
17.58
17.57
17.55
17.54
17.52
17.51
17.50
17.48
17.47
17.45
17.44
17.42
17.40
17.39
17.37
17.36
17.34
17.32
17.31
17.29
17.27
17.26
17.24
17.22
17.21
17.19
17.17
17.16
17.14
17.12
17.10
17.09
17.07
17.06
17.04
17.03
17.01
17.00
16.98
16.97
16.95
16.94
16.93
16.92
16.90
16.89
16.88
16.87
16.86
16.85
16.84
16.83
16.82
16.82
16.80
16.79
16.78
16.77
16.75
16.74
16.72
16.70
16.68
16.66
16.64
16.62
16.59
16.57
16.54
16.51
16.49
16.46
16.43
16.39
16.36
16.33
16.29
16.26
16.22
16.19
16.15
16.11
16.07
16.03
15.99
15.95
15.91
15.86
15.82
15.78
15.73
15.69
15.64
15.60
15.55
15.51
15.47
15.43
15.39
15.35
15.31
15.27
15.23
15.20
15.16
15.13
15.09
15.06
15.03
15.00
14.97
14.94
14.91
14.89
14.86
14.84
14.81
14.79
14.77
14.75
14.73
14.71
14.70
14.68
14.67
14.65
14.64
14.63
14.62
14.61
14.60
14.59
14.58
14.57
14.56
14.55
14.54
14.53
14.51
14.50
14.49
14.47
14.46
14.44
14.43
14.41
14.40
14.38
14.37
14.35
14.33
14.32
14.30
14.28
14.27
14.25
14.23
14.21
14.20
14.18
14.16
14.15
14.13
14.11
14.10
14.08
14.06
14.05
14.03
14.01
14.00
13.98
13.97
13.95
13.92
13.91
13.89
13.88
13.87
13.85
13.84
13.83
13.81
13.80
13.79
13.78
13.77
13.76
13.74
13.73
13.72
13.71
13.70
13.69
13.68
13.67
13.66
13.65
13.65
13.64
13.63
13.62
13.61
13.61
13.60
13.59
13.58
13.58
13.57
13.56
13.56
13.55
13.55
13.54
13.53
13.53
13.52
13.52
13.51
13.51
13.50
13.50
13.49
13.49
13.48
13.48
13.47
13.47
13.46
13.46
13.45
13.45
13.44
13.44
13.43
13.43
13.42
13.42
13.41
13.40
13.40
13.39
13.38
13.38
13.37
13.36
13.36
13.35
13.34
13.33
13.32
13.32
13.31
13.30
13.29
13.29
13.28
13.27
13.27
13.26
13.26
13.25
13.25
13.25
13.24
13.24
13.24
13.24
13.24
13.25
13.25
13.25
13.26
13.26
13.26
13.27
13.28
13.28
13.29
13.30
13.31
13.32
13.33
13.34
13.35
13.36
13.37
13.38
13.39
13.41
13.42
13.43
13.45
13.46
13.48
13.49
13.51
13.52
13.54
13.56
13.58
13.59
13.61
13.63
13.65
13.67
13.69
13.72
13.74
13.76
13.79
13.81
13.84
13.86
13.89
13.92
13.95
13.98
14.01
14.05
14.08
14.11
14.15
14.18
14.21
14.25
14.28
14.31
14.34
14.38
14.41
14.44
14.47
14.50
14.53
14.56
14.59
14.62
14.65
14.68
14.71
14.75
14.78
14.81
14.84
14.87
14.90
14.93
14.97
15.00
15.03
15.06
15.10
15.13
15.16
15.19
15.23
15.26
15.29
15.32
15.35
15.38
15.41
15.44
15.47
15.50
15.53
15.55
15.57
15.60
15.62
15.64
15.66
15.67
15.68
15.70
15.71
15.71
15.72
15.72
15.72
15.71
15.71
15.70
15.70
15.70
15.70
15.71
15.72
15.72
15.74
15.75
15.77
15.79
15.81
15.83
15.85
15.87
15.90
15.93
15.95
15.98
16.01
16.04
16.07
16.10
16.14
16.17
16.20
16.23
16.26
16.30
16.33
16.36
16.39
16.43
16.46
16.49
16.52
16.55
16.58
16.62
16.65
16.68
16.71
16.74
16.77
16.80
16.83
16.86
16.89
16.92
16.95
16.98
17.01
17.04
17.08
17.11
17.14
17.17
17.21
17.24
17.27
17.31
17.34
17.37
17.40
17.44
17.47
17.50
17.52
17.55
17.58
17.60
17.63
17.65
17.67
17.69
17.72
17.74
17.76
17.78
17.80
17.81
17.83
17.85
17.87
17.88
17.90
17.91
17.93
17.94
17.96
17.97
17.98
18.00
18.01
18.02
18.03
18.04
18.05
18.06
18.07
18.08
18.09
18.10
18.11
18.12
18.12
18.13
18.14
18.14
18.15
18.15
18.15
18.16
18.16
18.16
18.16
18.16
18.16
18.16
18.16
18.15
18.15
18.14
18.14
18.13
18.13
18.12
18.11
18.10
18.10
18.09
18.08
18.07
18.06
18.05
18.04
18.03
18.02
18.01
18.00
17.99
17.98
17.97
17.96
17.95
17.94
17.94
17.93
17.92
17.91
17.91
17.90
17.89
17.88
17.88
17.87
17.86
17.86
17.85
17.84
17.83
17.83
17.82
17.81
17.81
17.80
17.79
17.78
17.78
17.77
17.76
17.75
17.74
17.73
17.73
17.72
17.71
17.70
17.69
17.68
17.67
17.66
17.65
17.64
17.63
17.62
17.61
17.60
17.59
17.57
17.56
17.55
17.54
17.53
17.51
17.50
17.49
17.48
17.46
17.45
17.44
17.42
17.41
17.40
17.38
17.37
17.35
17.34
17.32
17.31
17.29
17.28
17.26
17.25
17.23
17.22
17.20
17.19
17.17
17.16
17.14
17.13
17.12
17.10
17.09
17.07
17.06
17.05
17.03
17.02
17.01
17.00
16.98
16.97
16.96
16.95
16.94
16.93
16.92
16.91
16.90
16.90
16.89
16.88
16.87
16.85
16.84
16.83
16.81
16.80
16.78
16.77
16.75
16.73
16.71
16.69
16.66
16.64
16.61
16.59
16.56
16.53
16.50
16.47
16.44
16.41
16.38
16.35
16.31
16.28
16.24
16.20
16.17
16.13
16.09
16.05
16.01
15.97
15.92
15.88
15.84
15.79
15.75
15.71
15.66
15.62
15.58
15.54
15.50
15.46
15.42
15.38
15.35
15.31
15.28
15.24
15.21
15.18
15.14
15.11
15.08
15.05
15.03
15.00
14.97
14.95
14.92
14.90
14.88
14.86
14.84
14.82
14.80
14.79
14.77
14.76
14.75
14.73
14.72
14.71
14.70
14.69
14.68
14.67
14.66
14.64
14.63
14.62
14.60
14.59
14.58
14.56
14.55
14.53
14.51
14.50
14.48
14.46
14.45
14.43
14.41
14.39
14.37
14.36
14.34
14.32
14.30
14.28
14.27
14.25
14.23
14.21
14.20
14.18
14.16
14.14
14.13
14.11
14.09
14.08
14.06
14.04
14.03
14.01
14.00
13.98
13.97
13.95
13.94
13.93
13.91
13.90
13.89
13.87
13.86
13.85
13.84
13.82
13.81
13.80
13.79
13.78
13.77
13.76
13.75
13.74
13.73
13.73
13.72
13.71
13.70
13.70
13.69
13.68
13.68
13.67
13.66
13.66
13.65
13.65
13.64
13.64
13.63
13.63
13.63
13.62
13.62
13.62
13.61
13.61
13.61
13.61
13.60
13.60
13.60
13.60
13.60
13.60
13.60
13.60
13.60
13.60
13.60
13.60
13.60
13.60
13.60
13.60
13.60
13.60
13.60
13.60
13.60
13.60
13.60
13.60
13.60
13.60
13.60
13.61
13.61
13.61
13.61
13.61
13.61
13.61
13.61
13.61
13.61
13.61
13.61
13.61
13.61
13.61
13.61
13.61
13.61
13.61
13.61
13.61
13.62
13.62
13.62
13.63
13.63
13.64
13.64
13.65
13.66
13.67
13.68
13.69
13.70
13.71
13.72
13.73
13.75
13.76
13.77
13.79
13.81
13.82
13.84
13.86
13.87
13.89
13.91
13.93
13.95
13.98
14.00
14.02
14.04
14.07
14.09
14.12
14.15
14.18
14.21
14.24
14.27
14.31
14.34
14.38
14.42
14.47
14.51
14.56
14.60
14.64
14.68
14.72
14.76
14.80
14.84
14.87
14.91
14.94
14.98
15.01
15.04
15.08
15.11
15.14
15.18
15.21
15.24
15.28
15.31
15.34
15.38
15.41
15.45
15.48
15.52
15.56
15.59
15.63
15.67
15.70
15.74
15.78
15.82
15.85
15.89
15.93
15.96
16.00
16.03
16.07
16.10
16.13
16.16
16.19
16.22
16.25
16.28
16.30
16.32
16.34
16.36
16.37
16.39
16.40
16.40
16.41
16.41
16.41
16.41
16.40
16.39
16.38
16.36
16.35
16.33
16.32
16.31
16.31
16.30
16.30
16.30
16.31
16.31
16.32
16.33
16.34
16.36
16.37
16.39
16.41
16.43
16.45
16.47
16.49
16.52
16.55
16.57
16.60
16.63
16.66
16.69
16.72
16.75
16.78
16.81
16.85
16.88
16.91
16.95
16.98
17.01
17.05
17.08
17.12
17.15
17.19
17.22
17.25
17.29
17.32
17.35
17.39
17.42
17.45
17.48
17.51
17.54
17.57
17.60
17.63
17.66
17.68
17.71
17.73
17.75
17.78
17.80
17.82
17.84
17.85
17.87
17.89
17.90
17.91
17.93
17.94
17.95
17.96
17.97
17.97
17.98
17.99
17.99
18.00
18.00
18.00
18.01
18.01
18.01
18.01
18.01
18.01
18.00
18.00
18.00
18.00
17.99
17.99
17.98
17.97
17.97
17.96
17.95
17.95
17.94
17.93
17.92
17.91
17.89
17.88
17.87
17.86
17.84
17.83
17.81
17.80
17.78
17.76
17.75
17.73
17.71
17.69
17.67
17.65
17.63
17.60
17.58
17.56
17.54
17.52
17.50
17.48
17.46
17.43
17.41
17.39
17.37
17.35
17.33
17.31
17.29
17.27
17.25
17.23
17.20
17.18
17.16
17.14
17.12
17.10
17.07
17.05
17.03
17.00
16.98
16.96
16.93
16.91
16.88
16.86
16.83
16.80
16.78
16.75
16.72
16.69
16.66
16.63
16.60
16.57
16.54
16.51
16.48
16.44
16.41
16.38
16.34
16.31
16.28
16.24
16.21
16.17
16.14
16.11
16.07
16.04
16.01
15.98
15.95
15.92
15.89
15.86
15.83
15.81
15.79
15.76
15.74
15.72
15.71
15.69
15.68
15.67
15.66
15.66
15.66
15.66
15.67
15.67
15.68
15.70
15.71
15.72
15.73
15.74
15.74
15.74
15.73
15.73
15.72
15.71
15.69
15.68
15.66
15.64
15.62
15.60
15.57
15.55
15.52
15.49
15.46
15.43
15.40
15.37
15.34
15.30
15.27
15.24
15.20
15.17
15.14
15.10
15.07
15.04
15.00
14.97
14.94
14.91
14.88
14.84
14.81
14.78
14.75
14.73
14.70
14.67
14.64
14.61
14.59
14.56
14.54
14.51
14.49
14.46
14.44
14.42
14.39
14.37
14.35
14.32
14.30
14.28
14.26
14.24
14.22
14.20
14.18
14.16
14.14
14.12
14.10
14.08
14.06
14.04
14.02
14.00
13.98
13.96
13.94
13.92
13.90
13.88
13.86
13.84
13.82
13.80
13.78
13.76
13.74
13.72
13.70
13.68
13.67
13.65
13.63
13.62
13.61
13.59
13.58
13.57
13.55
13.54
13.53
13.52
13.51
13.50
13.50
13.49
13.48
13.47
13.47
13.46
13.46
13.45
13.45
13.44
13.44
13.44
13.44
13.44
13.43
13.43
13.44
13.44
13.44
13.44
13.44
13.45
13.45
13.46
13.46
13.47
13.48
13.48
13.49
13.50
13.51
13.53
13.54
13.55
13.56
13.58
13.60
13.61
13.63
13.65
13.67
13.69
13.71
13.73
13.75
13.78
13.80
13.83
13.85
13.88
13.91
13.94
13.97
14.00
14.03
14.06
14.09
14.12
14.16
14.19
14.22
14.26
14.29
14.33
14.36
14.40
14.44
14.47
14.51
14.55
14.59
14.62
14.66
14.70
14.74
14.78
14.82
14.86
14.90
14.94
14.98
15.03
15.07
15.11
15.15
15.20
15.24
15.28
15.33
15.37
15.42
15.46
15.51
15.55
15.60
15.64
15.68
15.73
15.77
15.82
15.86
15.90
15.94
15.98
16.02
16.06
16.10
16.13
16.16
16.19
16.22
16.25
16.28
16.30
16.32
16.34
16.35
16.37
16.38
16.39
16.39
16.39
16.39
16.39
16.38
16.37
16.36
16.34
16.32
16.29
16.27
16.25
16.23
16.21
16.20
16.19
16.18
16.18
16.17
16.18
16.18
16.18
16.19
16.20
16.21
16.23
16.24
16.26
16.28
16.30
16.33
16.35
16.38
16.41
16.44
16.47
16.51
16.54
16.58
16.62
16.66
16.70
16.73
16.77
16.81
16.85
16.88
16.92
16.95
16.98
17.01
17.03
17.05
17.07
17.09
17.11
17.12
17.13
17.14
17.15
17.15
17.15
17.16
17.15
17.15
17.15
17.14
17.13
17.12
17.10
17.09
17.07
17.04
17.02
16.99
16.96
16.93
16.89
16.86
16.83
16.80
16.77
16.75
16.72
16.70
16.69
16.67
16.65
16.64
16.63
16.62
16.61
16.60
16.59
16.58
16.57
16.57
16.57
16.56
16.56
16.56
16.56
16.57
16.57
16.58
16.58
16.59
16.60
16.60
16.61
16.62
16.62
16.62
16.62
16.62
16.62
16.61
16.60
16.60
16.59
16.57
16.56
16.54
16.53
16.51
16.49
16.47
16.44
16.41
16.39
16.35
16.32
16.28
16.24
16.20
16.15
16.10
16.04
16.00
15.95
15.91
15.87
15.84
15.80
15.77
15.74
15.72
15.69
15.67
15.65
15.63
15.61
15.59
15.57
15.55
15.54
15.52
15.51
15.50
15.49
15.48
15.47
15.46
15.45
15.45
15.44
15.43
15.43
15.42
15.41
15.40
15.39
15.39
15.37
15.36
15.35
15.34
15.32
15.31
15.29
15.28
15.26
15.24
15.22
15.20
15.18
15.15
15.13
15.10
15.08
15.05
15.01
14.98
14.94
14.90
14.86
14.81
14.77
14.73
14.69
14.66
14.63
14.60
14.57
14.55
14.53
14.51
14.50
14.48
14.47
14.46
14.45
14.44
14.44
14.43
14.43
14.43
14.44
14.44
14.45
14.46
14.47
14.48
14.50
14.51
14.53
14.55
14.57
14.60
14.62
14.64
14.66
14.67
14.69
14.70
14.72
14.73
14.74
14.75
14.76
14.76
14.77
14.77
14.77
14.77
14.77
14.77
14.77
14.76
14.76
14.75
14.74
14.73
14.72
14.71
14.69
14.67
14.65
14.63
14.61
14.58
14.55
14.53
14.51
14.49
14.48
14.47
14.46
14.45
14.44
14.44
14.44
14.44
14.45
14.45
14.46
14.47
14.48
14.50
14.51
14.53
14.55
14.57
14.59
14.62
14.64
14.67
14.70
14.73
14.76
14.80
14.83
14.87
14.91
14.94
14.98
15.02
15.06
15.10
15.14
15.18
15.23
15.27
15.31
15.35
15.39
15.44
15.48
15.52
15.56
15.61
15.65
15.69
15.73
15.77
15.82
15.86
15.90
15.94
15.98
16.02
16.06
16.10
16.14
16.18
16.22
16.26
16.30
16.34
16.38
16.42
16.46
16.49
16.53
16.57
16.61
16.64
16.68
16.72
16.75
16.79
16.82
16.86
16.89
16.93
16.96
17.00
17.03
17.06
17.09
17.13
17.16
17.19
17.22
17.25
17.28
17.31
17.33
17.36
17.39
17.41
17.44
17.46
17.48
17.51
17.53
17.55
17.57
17.59
17.61
17.62
17.64
17.65
17.67
17.68
17.69
17.71
17.72
17.73
17.74
17.74
17.75
17.76
17.76
17.77
17.77
17.78
17.78
17.78
17.78
17.78
17.78
17.78
17.78
17.78
17.78
17.77
17.77
17.77
17.76
17.75
17.75
17.74
17.73
17.72
17.72
17.71
17.70
17.68
17.67
17.66
17.65
17.63
17.62
17.60
17.58
17.57
17.55
17.53
17.51
17.49
17.47
17.45
17.42
17.40
17.38
17.36
17.34
17.32
17.29
17.27
17.25
17.23
17.21
17.19
17.17
17.15
17.13
17.11
17.09
17.07
17.05
17.03
17.01
16.98
16.96
16.94
16.92
16.90
16.88
16.85
16.83
16.81
16.79
16.76
16.74
16.71
16.69
16.66
16.64
16.61
16.58
16.56
16.53
16.50
16.47
16.44
16.42
16.39
16.35
16.32
16.29
16.26
16.23
16.20
16.17
16.13
16.10
16.07
16.04
16.00
15.97
15.94
15.91
15.88
15.85
15.82
15.79
15.76
15.73
15.71
15.68
15.66
15.64
15.62
15.60
15.58
15.57
15.56
15.55
15.54
15.53
15.53
15.53
15.53
15.54
15.54
15.56
15.57
15.58
15.60
15.61
15.62
15.62
15.62
15.62
15.62
15.61
15.61
15.60
15.58
15.57
15.56
15.54
15.52
15.50
15.48
15.45
15.43
15.41
15.38
15.35
15.33
15.30
15.27
15.24
15.21
15.18
15.15
15.12
15.09
15.06
15.02
14.99
14.96
14.93
14.90
14.87
14.84
14.81
14.79
14.76
14.73
14.70
14.68
14.65
14.62
14.60
14.57
14.55
14.53
14.50
14.48
14.46
14.44
14.42
14.39
14.37
14.36
14.34
14.32
14.30
14.28
14.27
14.25
14.23
14.22
14.20
14.19
14.17
14.16
14.14
14.13
14.12
14.10
14.09
14.08
14.07
14.06
14.05
14.04
14.03
14.01
14.00
13.99
13.98
13.97
13.96
13.96
13.95
13.94
13.94
13.93
13.93
13.92
13.92
13.91
13.91
13.90
13.90
13.90
13.89
13.89
13.89
13.89
13.89
13.89
13.89
13.89
13.89
13.89
13.89
13.89
13.89
13.89
13.89
13.90
13.90
13.90
13.91
13.91
13.92
13.92
13.93
13.93
13.94
13.95
13.95
13.96
13.97
13.98
13.99
13.99
14.00
14.01
14.02
14.03
14.04
14.05
14.07
14.08
14.09
14.10
14.11
14.13
14.14
14.16
14.17
14.18
14.20
14.21
14.23
14.24
14.28
14.29
14.31
14.33
14.34
14.36
14.38
14.40
14.42
14.44
14.45
14.47
14.49
14.51
14.53
14.55
14.57
14.59
14.61
14.63
14.65
14.67
14.69
14.71
14.73
14.74
14.76
14.78
14.80
14.82
14.84
14.85
14.87
14.89
14.90
14.92
14.93
14.94
14.95
14.97
