0.00
-0.00
0.00
0.00
0.00
0.00
0.00
0.00
0.00
0.00
0.00
0.00
0.00
0.00
0.00
0.00
0.00
0.00
0.00
0.00
0.00
0.00
0.00
0.00
0.00
0.00
0.00
0.00
0.00
0.00
0.00
0.00
0.00
0.00
0.00
0.00
0.00
0.00
0.00
0.00
0.00
0.00
0.00
0.00
0.00
0.00
0.00
0.00
0.00
0.00
0.00
0.00
0.00
0.00
0.00
0.00
0.00
0.00
0.00
0.00
0.00
0.00
0.00
0.00
0.00
0.00
0.00
0.00
-0.00
-0.00
-0.00
-0.00
-0.00
-0.00
-0.00
-0.00
-0.00
-0.00
-0.00
-0.00
-0.00
-0.00
-0.00
-0.00
-0.00
-0.00
-0.00
-0.00
-0.00
-0.00
-0.00
-0.00
-0.00
-0.00
-0.00
-0.00
-0.00
-0.00
-0.00
-0.00
-0.00
-0.00
-0.00
-0.00
-0.00
-0.00
-0.00
-0.00
-0.00
-0.00
-0.00
-0.00
-0.00
-0.00
-0.00
-0.00
-0.00
-0.00
-0.00
-0.00
-0.00
-0.00
-0.00
-0.00
-0.00
-0.00
-0.00
-0.00
-0.00
-0.00
-0.00
-0.00
-0.00
-0.00
-0.00
-0.00
-0.00
-0.00
-0.00
-0.00
-0.00
-0.00
-0.00
-0.00
-0.00
-0.00
-0.00
-0.00
-0.00
-0.00
-0.00
-0.00
-0.00
-0.00
-0.00
-0.00
-0.00
-0.00
-0.00
-0.00
-0.00
-0.00
-0.00
-0.00
-0.00
-0.00
-0.00
-0.00
-0.00
-0.00
-0.00
-0.00
-0.00
-0.00
-0.00
-0.00
-0.00
-0.00
-0.00
-0.00
-0.00
-0.00
-0.00
-0.00
-0.00
-0.00
-0.00
-0.00
-0.00
-0.00
-0.00
-0.00
-0.00
-0.00
-0.00
-0.00
-0.00
-0.00
-0.00
-0.00
-0.00
-0.00
-0.00
-0.00
-0.00
-0.00
-0.00
-0.00
-0.00
-0.00
-0.00
-0.00
-0.00
-0.00
-0.00
-0.00
-0.00
-0.00
-0.00
-0.00
-0.00
-0.00
-0.00
-0.00
-0.00
-0.00
-0.00
-0.00
-0.00
-0.00
-0.00
-0.00
-0.00
-0.00
-0.00
-0.00
-0.00
-0.00
-0.00
-0.00
-0.00
-0.00
-0.00
-0.00
-0.00
-0.00
-0.00
-0.00
-0.00
-0.00
-0.00
-0.00
-0.00
-0.00
-0.00
-0.00
-0.00
-0.00
-0.00
-0.00
-0.00
-0.00
-0.00
-0.00
-0.00
-0.00
-0.00
-0.00
-0.00
-0.00
-0.00
-0.00
-0.00
-0.00
-0.00
-0.00
-0.00
-0.00
-0.00
-0.00
-0.00
-0.00
-0.00
-0.00
-0.00
-0.00
-0.00
-0.00
-0.00
-0.00
-0.00
-0.00
-0.00
-0.00
-0.00
-0.00
-0.00
-0.00
-0.00
-0.00
-0.00
-0.00
-0.00
-0.00
-0.00
-0.00
-0.00
-0.00
-0.00
-0.00
-0.00
-0.00
-0.00
-0.00
-0.00
-0.00
-0.00
-0.00
-0.00
-0.00
-0.00
-0.00
-0.00
-0.00
-0.00
-0.00
-0.00
-0.00
-0.00
-0.00
-0.00
-0.00
-0.00
-0.00
-0.00
-0.00
-0.00
-0.00
-0.00
-0.00
-0.00
-0.00
-0.00
-0.00
-0.00
-0.00
-0.00
-0.00
-0.00
-0.00
-0.00
-0.00
-0.00
-0.00
-0.00
-0.00
-0.00
-0.00
-0.00
-0.00
-0.00
-0.00
-0.00
-0.00
-0.00
-0.00
-0.00
-0.00
-0.00
-0.00
-0.00
-0.00
-0.00
-0.00
-0.00
-0.00
-0.00
-0.00
-0.00
-0.00
-0.00
-0.00
-0.00
-0.00
-0.00
-0.00
-0.00
-0.00
-0.00
-0.00
-0.00
-0.00
-0.00
-0.00
-0.00
-0.00
-0.00
-0.00
-0.00
-0.00
-0.00
-0.00
-0.00
-0.00
-0.00
-0.00
-0.00
-0.00
-0.00
-0.00
-0.00
-0.00
-0.00
-0.00
-0.00
-0.00
-0.00
-0.00
-0.00
-0.00
-0.00
-0.00
-0.00
-0.00
-0.00
-0.00
-0.01
-0.01
-0.01
-0.01
-0.01
-0.01
-0.01
-0.01
-0.01
-0.01
-0.01
-0.01
-0.01
-0.01
-0.01
-0.01
-0.01
-0.01
-0.01
-0.01
-0.01
-0.01
-0.02
-0.02
-0.02
-0.02
-0.02
-0.02
-0.02
-0.02
-0.02
-0.02
-0.02
-0.03
-0.03
-0.03
-0.03
-0.03
-0.03
-0.03
-0.04
-0.04
-0.04
-0.04
-0.04
-0.05
-0.05
-0.05
-0.05
-0.06
-0.06
-0.06
-0.06
-0.07
-0.07
-0.07
-0.08
-0.08
-0.08
-0.09
-0.09
-0.10
-0.10
-0.11
-0.11
-0.12
-0.12
-0.13
-0.13
-0.14
-0.14
-0.15
-0.16
-0.16
-0.17
-0.18
-0.18
-0.19
-0.20
-0.21
-0.22
-0.22
-0.23
-0.24
-0.25
-0.26
-0.27
-0.28
-0.29
-0.30
-0.30
-0.31
-0.32
-0.33
-0.34
-0.35
-0.36
-0.37
-0.38
-0.39
-0.40
-0.41
-0.42
-0.43
-0.44
-0.45
-0.46
-0.47
-0.48
-0.49
-0.50
-0.51
-0.52
-0.53
-0.54
-0.55
-0.56
-0.57
-0.58
-0.59
-0.59
-0.60
-0.61
-0.62
-0.62
-0.63
-0.64
-0.64
-0.65
-0.65
-0.65
-0.66
-0.66
-0.66
-0.66
-0.66
-0.67
-0.67
-0.67
-0.67
-0.67
-0.67
-0.67
-0.68
-0.68
-0.68
-0.69
-0.70
-0.71
-0.71
-0.73
-0.74
-0.75
-0.76
-0.78
-0.80
-0.81
-0.83
-0.85
-0.87
-0.89
-0.92
-0.94
-0.96
-0.99
-1.02
-1.04
-1.07
-1.10
-1.13
-1.16
-1.20
-1.23
-1.27
-1.31
-1.35
-1.39
-1.44
-1.48
-1.53
-1.59
-1.64
-1.70
-1.76
-1.82
-1.87
-1.93
-1.98
-2.03
-2.08
-2.13
-2.18
-2.22
-2.27
-2.31
-2.35
-2.40
-2.44
-2.48
-2.53
-2.57
-2.62
-2.66
-2.71
-2.75
-2.80
-2.85
-2.89
-2.94
-2.99
-3.04
-3.09
-3.14
-3.19
-3.24
-3.29
-3.34
-3.39
-3.44
-3.49
-3.54
-3.59
-3.64
-3.68
-3.72
-3.77
-3.80
-3.84
-3.91
-3.93
-3.96
-3.98
-4.00
-4.02
-4.03
-4.04
-4.05
-4.05
-4.05
-4.04
-4.03
-4.02
-4.00
-3.97
-3.94
-3.91
-3.88
-3.84
-3.81
-3.79
-3.76
-3.75
-3.73
-3.72
-3.71
-3.71
-3.71
-3.71
-3.71
-3.72
-3.73
-3.74
-3.75
-3.77
-3.78
-3.80
-3.82
-3.85
-3.87
-3.90
-3.93
-3.96
-3.99
-4.02
-4.06
-4.09
-4.13
-4.17
-4.21
-4.25
-4.29
-4.34
-4.38
-4.42
-4.47
-4.51
-4.56
-4.60
-4.65
-4.69
-4.73
-4.77
-4.81
-4.85
-4.89
-4.93
-4.96
-4.99
-5.02
-5.05
-5.07
-5.09
-5.11
-5.13
-5.15
-5.16
-5.17
-5.18
-5.19
-5.19
-5.19
-5.19
-5.19
-5.19
-5.19
-5.18
-5.17
-5.16
-5.15
-5.14
-5.13
-5.11
-5.09
-5.08
-5.06
-5.03
-5.01
-4.98
-4.96
-4.93
-4.90
-4.86
-4.82
-4.78
-4.74
-4.70
-4.65
-4.61
-4.57
-4.53
-4.49
-4.45
-4.41
-4.38
-4.35
-4.31
-4.28
-4.25
-4.22
-4.16
-4.13
-4.10
-4.07
-4.04
-4.01
-3.98
-3.95
-3.91
-3.88
-3.85
-3.82
-3.79
-3.75
-3.72
-3.68
-3.65
-3.61
-3.57
-3.53
-3.49
-3.45
-3.41
-3.37
-3.32
-3.28
-3.23
-3.18
-3.14
-3.09
-3.04
-2.99
-2.94
-2.89
-2.83
-2.78
-2.73
-2.68
-2.62
-2.57
-2.52
-2.47
-2.41
-2.36
-2.31
-2.26
-2.21
-2.16
-2.11
-2.06
-2.01
-1.97
-1.92
-1.88
-1.84
-1.80
-1.76
-1.72
-1.69
-1.66
-1.63
-1.60
-1.57
-1.55
-1.53
-1.51
-1.49
-1.48
-1.46
-1.45
-1.44
-1.44
-1.43
-1.43
-1.43
-1.43
-1.43
-1.44
-1.45
-1.46
-1.47
-1.48
-1.50
-1.51
-1.53
-1.56
-1.58
-1.61
-1.64
-1.68
-1.71
-1.75
-1.79
-1.83
-1.87
-1.90
-1.94
-1.97
-2.00
-2.03
-2.06
-2.08
-2.11
-2.13
-2.15
-2.18
-2.20
-2.22
-2.24
-2.26
-2.28
-2.30
-2.32
-2.34
-2.35
-2.37
-2.39
-2.41
-2.43
-2.45
-2.46
-2.48
-2.50
-2.52
-2.54
-2.56
-2.58
-2.60
-2.62
-2.64
-2.66
-2.68
-2.70
-2.72
-2.74
-2.76
-2.78
-2.81
-2.83
-2.85
-2.87
-2.90
-2.92
-2.94
-2.96
-2.99
-3.01
-3.03
-3.06
-3.08
-3.10
-3.13
-3.15
-3.18
-3.20
-3.23
-3.26
-3.28
-3.31
-3.34
-3.37
-3.40
-3.43
-3.47
-3.50
-3.54
-3.58
-3.62
-3.66
-3.71
-3.76
-3.81
-3.87
-3.92
-3.98
-4.03
-4.07
-4.11
-4.15
-4.19
-4.22
-4.25
-4.28
-4.30
-4.32
-4.35
-4.36
-4.38
-4.40
-4.41
-4.42
-4.43
-4.44
-4.45
-4.45
-4.46
-4.46
-4.46
-4.46
-4.45
-4.45
-4.44
-4.43
-4.42
-4.41
-4.39
-4.37
-4.36
-4.34
-4.31
-4.29
-4.27
-4.24
-4.21
-4.19
-4.16
-4.13
-4.10
-4.07
-4.04
-4.01
-3.99
-3.96
-3.93
-3.91
-3.88
-3.86
-3.83
-3.81
-3.79
-3.77
-3.75
-3.73
-3.71
-3.69
-3.68
-3.66
-3.65
-3.64
-3.63
-3.62
-3.61
-3.60
-3.60
-3.59
-3.59
-3.59
-3.58
-3.59
-3.59
-3.59
-3.60
-3.61
-3.62
-3.63
-3.64
-3.66
-3.68
-3.70
-3.73
-3.75
-3.78
-3.81
-3.84
-3.86
-3.89
-3.90
-3.92
-3.93
-3.94
-3.95
-3.95
-3.95
-3.95
-3.94
-3.94
-3.93
-3.92
-3.91
-3.89
-3.88
-3.86
-3.84
-3.82
-3.79
-3.77
-3.74
-3.71
-3.69
-3.66
-3.63
-3.60
-3.56
-3.53
-3.50
-3.46
-3.43
-3.39
-3.36
-3.32
-3.29
-3.25
-3.22
-3.18
-3.15
-3.11
-3.08
-3.04
-3.01
-2.97
-2.94
-2.91
-2.87
-2.84
-2.80
-2.77
-2.74
-2.70
-2.67
-2.64
-2.60
-2.57
-2.54
-2.50
-2.47
-2.43
-2.40
-2.36
-2.32
-2.28
-2.24
-2.20
-2.16
-2.12
-2.08
-2.04
-2.00
-1.96
-1.92
-1.89
-1.85
-1.82
-1.79
-1.76
-1.73
-1.71
-1.68
-1.66
-1.64
-1.62
-1.60
-1.58
-1.56
-1.54
-1.53
-1.51
-1.50
-1.48
-1.47
-1.46
-1.45
-1.44
-1.43
-1.42
-1.41
-1.41
-1.40
-1.40
-1.39
-1.39
-1.39
-1.38
-1.38
-1.38
-1.38
-1.39
-1.39
-1.39
-1.40
-1.40
-1.41
-1.41
-1.42
-1.43
-1.44
-1.45
-1.46
-1.48
-1.49
-1.50
-1.52
-1.53
-1.55
-1.57
-1.59
-1.61
-1.63
-1.65
-1.69
-1.71
-1.74
-1.76
-1.79
-1.81
-1.84
-1.87
-1.89
-1.92
-1.95
-1.98
-2.01
-2.03
-2.06
-2.09
-2.12
-2.15
-2.18
-2.21
-2.24
-2.27
-2.30
-2.33
-2.36
-2.39
-2.42
-2.45
-2.48
-2.51
-2.54
-2.57
-2.60
-2.64
-2.67
-2.70
-2.73
-2.76
-2.79
-2.83
-2.86
-2.89
-2.93
-2.96
-3.00
-3.04
-3.07
-3.12
-3.16
-3.20
-3.25
-3.30
-3.35
-3.40
-3.45
-3.51
-3.56
-3.61
-3.66
-3.71
-3.75
-3.79
-3.83
-3.87
-3.90
-3.93
-3.97
-4.00
-4.03
-4.05
-4.08
-4.11
-4.13
-4.16
-4.18
-4.20
-4.23
-4.25
-4.27
-4.29
-4.31
-4.33
-4.35
-4.36
-4.38
-4.40
-4.41
-4.43
-4.45
-4.46
-4.48
-4.49
-4.50
-4.51
-4.53
-4.54
-4.55
-4.56
-4.57
-4.58
-4.59
-4.59
-4.60
-4.61
-4.61
-4.62
-4.62
-4.63
-4.63
-4.63
-4.64
-4.64
-4.64
-4.64
-4.64
-4.64
-4.64
-4.63
-4.63
-4.63
-4.62
-4.62
-4.61
-4.61
-4.60
-4.59
-4.58
-4.57
-4.56
-4.55
-4.54
-4.53
-4.52
-4.51
-4.49
-4.48
-4.47
-4.45
-4.44
-4.42
-4.40
-4.39
-4.37
-4.35
-4.33
-4.31
-4.29
-4.27
-4.25
-4.23
-4.21
-4.19
-4.17
-4.15
-4.13
-4.10
-4.08
-4.06
-4.03
-4.01
-3.99
-3.96
-3.94
-3.92
-3.89
-3.87
-3.84
-3.82
-3.80
-3.77
-3.75
-3.72
-3.70
-3.68
-3.65
-3.63
-3.61
-3.58
-3.56
-3.53
-3.51
-3.49
-3.46
-3.44
-3.41
-3.39
-3.37
-3.34
-3.32
-3.29
-3.26
-3.24
-3.21
-3.18
-3.15
-3.13
-3.09
-3.06
-3.03
-3.00
-2.96
-2.92
-2.88
-2.84
-2.80
-2.75
-2.71
-2.66
-2.61
-2.57
-2.52
-2.48
-2.45
-2.41
-2.38
-2.35
-2.32
-2.29
-2.27
-2.24
-2.22
-2.20
-2.18
-2.16
-2.14
-2.13
-2.11
-2.10
-2.08
-2.07
-2.06
-2.05
-2.04
-2.03
-2.02
-2.01
-2.01
-2.00
-2.00
-1.99
-1.99
-1.99
-1.99
-1.99
-1.99
-1.99
-1.99
-2.00
-2.00
-2.01
-2.01
-2.02
-2.03
-2.03
-2.04
-2.05
-2.06
-2.08
-2.09
-2.10
-2.11
-2.13
-2.14
-2.16
-2.18
-2.19
-2.21
-2.23
-2.25
-2.27
-2.29
-2.31
-2.33
-2.35
-2.37
-2.39
-2.42
-2.44
-2.46
-2.49
-2.51
-2.53
-2.56
-2.58
-2.61
-2.63
-2.66
-2.69
-2.71
-2.74
-2.77
-2.79
-2.82
-2.85
-2.88
-2.90
-2.93
-2.96
-2.99
-3.01
-3.04
-3.07
-3.10
-3.13
-3.16
-3.18
-3.21
-3.24
-3.27
-3.30
-3.32
-3.35
-3.38
-3.41
-3.44
-3.46
-3.49
-3.52
-3.54
-3.57
-3.60
-3.62
-3.65
-3.67
-3.70
-3.72
-3.75
-3.77
-3.80
-3.82
-3.84
-3.87
-3.89
-3.91
-3.93
-3.95
-3.97
-3.99
-4.01
-4.03
-4.05
-4.07
-4.08
-4.10
-4.11
-4.13
-4.14
-4.16
-4.17
-4.18
-4.19
-4.20
-4.21
-4.22
-4.23
-4.23
-4.24
-4.24
-4.25
-4.25
-4.25
-4.25
-4.25
-4.25
-4.25
-4.25
-4.25
-4.24
-4.24
-4.23
-4.23
-4.22
-4.21
-4.20
-4.19
-4.18
-4.17
-4.16
-4.14
-4.13
-4.11
-4.09
-4.08
-4.06
-4.04
-4.02
-3.99
-3.97
-3.94
-3.92
-3.89
-3.85
-3.82
-3.79
-3.75
-3.71
-3.67
-3.62
-3.58
-3.54
-3.50
-3.46
-3.42
-3.38
-3.35
-3.32
-3.28
-3.25
-3.23
-3.20
-3.17
-3.15
-3.12
-3.10
-3.07
-3.05
-3.02
-3.00
-2.98
-2.96
-2.93
-2.91
-2.89
-2.87
-2.85
-2.83
-2.81
-2.79
-2.76
-2.74
-2.72
-2.70
-2.68
-2.66
-2.64
-2.62
-2.60
-2.58
-2.56
-2.54
-2.52
-2.50
-2.48
-2.46
-2.44
-2.42
-2.40
-2.38
-2.36
-2.34
-2.32
-2.30
-2.29
-2.27
-2.25
-2.23
-2.22
-2.20
-2.18
-2.17
-2.15
-2.14
-2.13
-2.11
-2.10
-2.09
-2.08
-2.07
-2.06
-2.05
-2.04
-2.03
-2.02
-2.01
-2.01
-2.00
-2.00
-1.99
-1.99
-1.99
-1.99
-1.98
-1.98
-1.98
-1.99
-1.99
-1.99
-1.99
-2.00
-2.00
-2.01
-2.01
-2.02
-2.03
-2.04
-2.05
-2.06
-2.07
-2.08
-2.10
-2.11
-2.13
-2.14
-2.16
-2.18
-2.20
-2.22
-2.24
-2.27
-2.29
-2.32
-2.35
-2.38
-2.41
-2.44
-2.48
-2.51
-2.55
-2.59
-2.63
-2.66
-2.70
-2.73
-2.77
-2.80
-2.83
-2.86
-2.89
-2.92
-2.94
-2.97
-3.00
-3.02
-3.04
-3.07
-3.09
-3.12
-3.14
-3.16
-3.18
-3.21
-3.23
-3.25
-3.27
-3.29
-3.32
-3.34
-3.36
-3.38
-3.40
-3.42
-3.44
-3.46
-3.49
-3.51
-3.53
-3.55
-3.57
-3.59
-3.61
-3.63
-3.65
-3.67
-3.69
-3.71
-3.73
-3.75
-3.77
-3.79
-3.80
-3.82
-3.84
-3.86
-3.87
-3.89
-3.90
-3.92
-3.93
-3.95
-3.96
-3.97
-3.98
-3.99
-4.00
-4.01
-4.02
-4.03
-4.04
-4.04
-4.05
-4.05
-4.06
-4.06
-4.06
-4.06
-4.06
-4.06
-4.06
-4.05
-4.05
-4.04
-4.04
-4.03
-4.02
-4.01
-4.00
-3.99
-3.97
-3.96
-3.94
-3.92
-3.90
-3.88
-3.85
-3.83
-3.80
-3.77
-3.74
-3.71
-3.69
-3.66
-3.63
-3.60
-3.58
-3.55
-3.53
-3.51
-3.48
-3.46
-3.45
-3.43
-3.41
-3.39
-3.38
-3.36
-3.34
-3.33
-3.31
-3.30
-3.29
-3.27
-3.26
-3.24
-3.23
-3.22
-3.20
-3.19
-3.18
-3.17
-3.15
-3.14
-3.13
-3.12
-3.10
-3.09
-3.08
-3.05
-3.04
-3.03
-3.01
-3.00
-2.99
-2.97
-2.96
-2.95
-2.93
-2.92
-2.91
-2.89
-2.88
-2.87
-2.85
-2.84
-2.82
-2.81
-2.79
-2.78
-2.77
-2.75
-2.74
-2.72
-2.71
-2.70
-2.68
-2.67
-2.66
-2.64
-2.63
-2.62
-2.60
-2.59
-2.58
-2.57
-2.56
-2.54
-2.53
-2.52
-2.51
-2.50
-2.49
-2.48
-2.48
-2.47
-2.46
-2.45
-2.45
-2.44
-2.44
-2.43
-2.43
-2.43
-2.42
-2.42
-2.42
-2.42
-2.42
-2.42
-2.42
-2.43
-2.43
-2.43
-2.44
-2.44
-2.45
-2.46
-2.47
-2.47
-2.48
-2.50
-2.51
-2.52
-2.54
-2.55
-2.57
-2.59
-2.61
-2.63
-2.65
-2.68
-2.70
-2.73
-2.76
-2.80
-2.83
-2.86
-2.89
-2.93
-2.96
-2.99
-3.01
-3.04
-3.07
-3.09
-3.11
-3.13
-3.15
-3.17
-3.19
-3.21
-3.22
-3.24
-3.25
-3.27
-3.28
-3.29
-3.31
-3.32
-3.33
-3.34
-3.35
-3.36
-3.37
-3.38
-3.39
-3.40
-3.41
-3.42
-3.43
-3.44
-3.45
-3.46
-3.46
-3.47
-3.48
-3.49
-3.49
-3.50
-3.51
-3.52
-3.52
-3.53
-3.54
-3.54
-3.55
-3.56
-3.56
-3.57
-3.58
-3.58
-3.59
-3.59
-3.60
-3.61
-3.61
-3.62
-3.62
-3.63
-3.63
-3.64
-3.64
-3.65
-3.65
-3.66
-3.66
-3.67
-3.67
-3.68
-3.68
-3.68
-3.69
-3.69
-3.69
-3.70
-3.70
-3.70
-3.70
-3.71
-3.71
-3.71
-3.71
-3.71
-3.71
-3.71
-3.71
-3.71
-3.71
-3.71
-3.71
-3.71
-3.71
-3.70
-3.70
-3.70
-3.69
-3.69
-3.69
-3.68
-3.67
-3.67
-3.66
-3.66
-3.65
-3.64
-3.63
-3.62
-3.61
-3.60
-3.59
-3.58
-3.57
-3.55
-3.54
-3.52
-3.51
-3.49
-3.47
-3.45
-3.43
-3.41
-3.39
-3.36
-3.34
-3.31
-3.28
-3.25
-3.22
-3.18
-3.15
-3.12
-3.09
-3.06
-3.03
-3.00
-2.98
-2.95
-2.93
-2.91
-2.89
-2.87
-2.86
-2.84
-2.82
-2.81
-2.80
-2.78
-2.77
-2.76
-2.75
-2.74
-2.73
-2.72
-2.71
-2.70
-2.69
-2.68
-2.68
-2.67
-2.67
-2.66
-2.65
-2.65
-2.64
-2.64
-2.64
-2.63
-2.63
-2.63
-2.62
-2.62
-2.62
-2.62
-2.62
-2.61
-2.61
-2.61
-2.61
-2.61
-2.61
-2.61
-2.61
-2.61
-2.61
-2.61
-2.61
-2.62
-2.62
-2.62
-2.62
-2.62
-2.62
-2.63
-2.63
-2.63
-2.63
-2.64
-2.64
-2.64
-2.65
-2.65
-2.66
-2.66
-2.66
-2.67
-2.67
-2.68
-2.68
-2.69
-2.69
-2.70
-2.70
-2.71
-2.72
-2.72
-2.73
-2.74
-2.74
-2.75
-2.76
-2.77
-2.78
-2.79
-2.80
-2.81
-2.82
-2.83
-2.84
-2.85
-2.86
-2.87
-2.89
-2.90
-2.91
-2.93
-2.95
-2.96
-2.98
-3.00
-3.02
-3.04
-3.06
-3.08
-3.10
-3.13
-3.15
-3.18
-3.21
-3.23
-3.26
-3.29
-3.32
-3.35
-3.38
-3.40
-3.43
-3.45
-3.47
-3.49
-3.51
-3.53
-3.55
-3.56
-3.58
-3.59
-3.60
-3.62
-3.63
-3.64
-3.65
-3.66
-3.66
-3.67
-3.68
-3.69
-3.69
-3.70
-3.70
-3.71
-3.71
-3.71
-3.72
-3.72
-3.72
-3.72
-3.72
-3.72
-3.73
-3.73
-3.72
-3.72
-3.72
-3.72
-3.72
-3.72
-3.72
-3.71
-3.71
-3.71
-3.70
-3.70
-3.69
-3.69
-3.69
-3.68
-3.68
-3.67
-3.66
-3.66
-3.65
-3.65
-3.64
-3.63
-3.62
-3.62
-3.61
-3.60
-3.59
-3.59
-3.58
-3.57
-3.56
-3.55
-3.54
-3.53
-3.52
-3.51
-3.50
-3.49
-3.48
-3.46
-3.45
-3.44
-3.43
-3.41
-3.40
-3.39
-3.37
-3.36
-3.34
-3.32
-3.31
-3.29
-3.27
-3.25
-3.23
-3.21
-3.19
-3.17
-3.15
-3.12
-3.10
-3.07
-3.04
-3.02
-2.99
-2.96
-2.94
-2.91
-2.88
-2.86
-2.83
-2.81
-2.79
-2.77
-2.75
-2.73
-2.72
-2.70
-2.68
-2.67
-2.66
-2.64
-2.63
-2.62
-2.61
-2.60
-2.59
-2.58
-2.57
-2.56
-2.56
-2.55
-2.54
-2.54
-2.53
-2.53
-2.52
-2.52
-2.52
-2.51
-2.51
-2.51
-2.51
-2.51
-2.51
-2.51
-2.51
-2.51
-2.51
-2.51
-2.51
-2.51
-2.51
-2.52
-2.52
-2.52
-2.53
-2.53
-2.53
-2.54
-2.54
-2.55
-2.56
-2.56
-2.57
-2.57
-2.58
-2.59
-2.60
-2.61
-2.61
-2.62
-2.63
-2.64
-2.65
-2.66
-2.68
-2.69
-2.70
-2.71
-2.72
-2.74
-2.75
-2.77
-2.78
-2.80
-2.81
-2.83
-2.85
-2.87
-2.89
-2.91
-2.93
-2.95
-2.97
-3.00
-3.02
-3.04
-3.07
-3.10
-3.12
-3.15
-3.18
-3.20
-3.23
-3.25
-3.28
-3.30
-3.32
-3.34
-3.36
-3.38
-3.40
-3.42
-3.44
-3.45
-3.47
-3.49
-3.50
-3.51
-3.53
-3.54
-3.55
-3.56
-3.58
-3.59
-3.60
-3.61
-3.62
-3.63
-3.63
-3.64
-3.65
-3.66
-3.66
-3.67
-3.68
-3.68
-3.69
-3.69
-3.70
-3.70
-3.71
-3.71
-3.71
-3.72
-3.72
-3.72
-3.72
-3.72
-3.73
-3.73
-3.73
-3.73
-3.73
-3.72
-3.72
-3.72
-3.72
-3.72
-3.71
-3.71
-3.71
-3.70
-3.70
-3.69
-3.69
-3.68
-3.67
-3.66
-3.66
-3.65
-3.64
-3.63
-3.62
-3.61
-3.59
-3.58
-3.57
-3.55
-3.54
-3.52
-3.51
-3.49
-3.47
-3.45
-3.43
-3.41
-3.39
-3.37
-3.35
-3.33
-3.30
-3.28
-3.26
-3.24
-3.22
-3.20
-3.18
-3.16
-3.14
-3.12
-3.10
-3.09
-3.07
-3.06
-3.04
-3.03
-3.02
-3.00
-2.99
-2.98
-2.97
-2.96
-2.94
-2.93
-2.92
-2.91
-2.91
-2.90
-2.89
-2.88
-2.87
-2.86
-2.86
-2.85
-2.84
-2.83
-2.83
-2.82
-2.82
-2.81
-2.81
-2.80
-2.80
-2.79
-2.79
-2.78
-2.78
-2.78
-2.77
-2.77
-2.77
-2.77
-2.76
-2.76
-2.76
-2.76
-2.76
-2.76
-2.76
-2.76
-2.76
-2.77
-2.77
-2.77
-2.77
-2.78
-2.78
-2.78
-2.79
-2.79
-2.80
-2.81
-2.81
-2.82
-2.83
-2.84
-2.85
-2.86
-2.87
-2.88
-2.90
-2.91
-2.92
-2.94
-2.96
-2.97
-2.99
-3.01
-3.02
-3.04
-3.06
-3.08
-3.09
-3.11
-3.13
-3.14
-3.16
-3.17
-3.19
-3.20
-3.21
-3.22
-3.23
-3.24
-3.25
-3.26
-3.27
-3.28
-3.29
-3.29
-3.30
-3.31
-3.31
-3.32
-3.32
-3.33
-3.33
-3.34
-3.34
-3.34
-3.35
-3.35
-3.35
-3.36
-3.36
-3.36
-3.36
-3.36
-3.36
-3.36
-3.36
-3.37
-3.37
-3.37
-3.36
-3.36
-3.36
-3.36
-3.36
-3.36
-3.36
-3.36
-3.35
-3.35
-3.35
-3.35
-3.34
-3.34
-3.34
-3.33
-3.33
-3.32
-3.32
-3.31
-3.31
-3.30
-3.30
-3.29
-3.28
-3.28
-3.27
-3.26
-3.25
-3.24
-3.23
-3.22
-3.21
-3.20
-3.19
-3.18
-3.17
-3.16
-3.14
-3.13
-3.11
-3.10
-3.08
-3.07
-3.05
-3.04
-3.02
-3.00
-2.99
-2.97
-2.96
-2.94
-2.93
-2.92
-2.91
-2.89
-2.88
-2.87
-2.86
-2.85
-2.85
-2.84
-2.83
-2.83
-2.82
-2.81
-2.81
-2.81
-2.80
-2.80
-2.80
-2.79
-2.79
-2.79
-2.79
-2.79
-2.79
-2.79
-2.79
-2.79
-2.79
-2.80
-2.80
-2.80
-2.80
-2.81
-2.81
-2.81
-2.82
-2.82
-2.83
-2.83
-2.84
-2.85
-2.85
-2.86
-2.87
-2.87
-2.88
-2.89
-2.90
-2.91
-2.92
-2.92
-2.93
-2.94
-2.96
-2.97
-2.98
-2.99
-3.00
-3.01
-3.03
-3.04
-3.05
-3.07
-3.08
-3.10
-3.11
-3.13
-3.15
-3.16
-3.18
-3.20
-3.22
-3.23
-3.25
-3.27
-3.29
-3.30
-3.32
-3.34
-3.35
-3.37
-3.38
-3.40
-3.41
-3.42
-3.43
-3.45
-3.46
-3.47
-3.48
-3.49
-3.50
-3.51
-3.51
-3.52
-3.53
-3.53
-3.54
-3.55
-3.55
-3.56
-3.56
-3.56
-3.57
-3.57
-3.57
-3.58
-3.58
-3.58
-3.58
-3.58
-3.58
-3.58
-3.58
-3.58
-3.58
-3.57
-3.57
-3.57
-3.56
-3.56
-3.56
-3.55
-3.55
-3.54
-3.53
-3.53
-3.52
-3.51
-3.50
-3.50
-3.49
-3.47
-3.46
-3.45
-3.43
-3.42
-3.41
-3.40
-3.38
-3.37
-3.36
-3.34
-3.31
-3.30
-3.28
-3.26
-3.25
-3.23
-3.22
-3.20
-3.19
-3.17
-3.16
-3.15
-3.13
-3.12
-3.11
-3.09
-3.08
-3.07
-3.06
-3.05
-3.04
-3.03
-3.02
-3.01
-3.00
-2.99
-2.98
-2.98
-2.97
-2.96
-2.95
-2.95
-2.94
-2.94
-2.93
-2.93
-2.92
-2.92
-2.91
-2.91
-2.91
-2.90
-2.90
-2.90
-2.90
-2.89
-2.89
-2.89
-2.89
-2.89
-2.89
-2.89
-2.89
-2.89
-2.89
-2.90
-2.90
-2.90
-2.90
-2.91
-2.91
-2.92
-2.92
-2.93
-2.93
-2.94
-2.95
-2.95
-2.96
-2.97
-2.98
-2.99
-3.00
-3.01
-3.02
-3.03
-3.04
-3.05
-3.06
-3.07
-3.08
-3.09
-3.10
-3.11
-3.12
-3.13
-3.14
-3.15
-3.15
-3.16
-3.17
-3.18
-3.18
-3.19
-3.19
-3.20
-3.20
-3.21
-3.21
-3.22
-3.22
-3.22
-3.23
-3.23
-3.23
-3.23
-3.24
-3.24
-3.24
-3.24
-3.24
-3.24
-3.24
-3.24
-3.24
-3.24
-3.24
-3.24
-3.24
-3.24
-3.23
-3.23
-3.23
-3.23
-3.22
-3.22
-3.22
-3.21
-3.21
-3.21
-3.20
-3.20
-3.19
-3.19
-3.18
-3.18
-3.17
-3.16
-3.16
-3.15
-3.14
-3.13
-3.13
-3.12
-3.11
-3.10
-3.09
-3.08
-3.07
-3.06
-3.05
-3.04
-3.04
-3.03
-3.02
-3.01
-3.00
-2.99
-2.98
-2.97
-2.96
-2.95
-2.94
-2.93
-2.93
-2.92
-2.91
-2.91
-2.90
-2.89
-2.89
-2.88
-2.88
-2.88
-2.87
-2.87
-2.87
-2.87
-2.87
-2.86
-2.86
-2.86
-2.86
-2.86
-2.86
-2.87
-2.87
-2.87
-2.87
-2.87
-2.88
-2.88
-2.89
-2.89
-2.89
-2.90
-2.90
-2.91
-2.92
-2.92
-2.93
-2.94
-2.94
-2.95
-2.96
-2.97
-2.98
-2.99
-3.00
-3.01
-3.02
-3.03
-3.04
-3.05
-3.06
-3.07
-3.08
-3.09
-3.11
-3.12
-3.13
-3.14
-3.16
-3.17
-3.18
-3.19
-3.21
-3.22
-3.23
-3.24
-3.25
-3.26
-3.28
-3.29
-3.30
-3.31
-3.32
-3.33
-3.34
-3.34
-3.35
-3.36
-3.37
-3.38
-3.38
-3.39
-3.40
-3.40
-3.41
-3.41
-3.42
-3.42
-3.42
-3.43
-3.43
-3.43
-3.44
-3.44
-3.44
-3.44
-3.44
-3.44
-3.44
-3.44
-3.44
-3.44
-3.44
-3.44
-3.43
-3.43
-3.43
-3.42
-3.42
-3.42
-3.41
-3.41
-3.40
-3.40
-3.39
-3.38
-3.38
-3.37
-3.36
-3.35
-3.35
-3.34
-3.33
-3.32
-3.31
-3.31
-3.30
-3.29
-3.28
-3.27
-3.26
-3.25
-3.24
-3.24
-3.23
-3.22
-3.21
-3.20
-3.20
-3.19
-3.18
-3.18
-3.17
-3.16
-3.16
-3.15
-3.14
-3.14
-3.13
-3.13
-3.12
-3.12
-3.11
-3.11
-3.11
-3.10
-3.10
-3.10
-3.09
-3.09
-3.09
-3.09
-3.09
-3.08
-3.08
-3.08
-3.08
-3.08
-3.08
-3.08
-3.08
-3.08
-3.08
-3.08
-3.08
-3.08
-3.09
-3.09
-3.09
-3.09
-3.10
-3.10
-3.10
-3.11
-3.11
-3.11
-3.12
-3.12
-3.13
-3.13
-3.14
-3.14
-3.15
-3.15
-3.16
-3.16
-3.17
-3.17
-3.18
-3.18
-3.19
-3.19
-3.20
-3.20
-3.21
-3.21
-3.22
-3.22
-3.23
-3.23
-3.23
-3.23
-3.24
-3.24
-3.24
-3.24
-3.24
-3.25
-3.25
-3.25
-3.25
-3.25
-3.25
-3.25
-3.25
-3.24
-3.24
-3.24
-3.24
-3.24
-3.23
-3.23
-3.23
-3.22
-3.22
-3.22
-3.21
-3.21
-3.20
-3.20
-3.19
-3.19
-3.18
-3.18
-3.17
-3.17
-3.16
-3.15
-3.15
-3.14
-3.13
-3.12
-3.12
-3.11
-3.10
-3.09
-3.09
-3.08
-3.06
-3.05
-3.04
-3.04
-3.03
-3.02
-3.01
-3.00
-2.99
-2.99
-2.98
-2.97
-2.96
-2.96
-2.95
-2.94
-2.94
-2.93
-2.92
-2.92
-2.91
-2.91
-2.90
-2.90
-2.90
-2.89
-2.89
-2.89
-2.88
-2.88
-2.88
-2.88
-2.88
-2.87
-2.87
-2.87
-2.87
-2.87
-2.87
-2.87
-2.88
-2.88
-2.88
-2.88
-2.88
-2.89
-2.89
-2.89
-2.90
-2.90
-2.91
-2.91
-2.92
-2.92
-2.93
-2.93
-2.94
-2.94
-2.95
-2.96
-2.97
-2.97
-2.98
-2.99
-2.99
-3.00
-3.01
-3.02
-3.03
-3.03
-3.04
-3.05
-3.06
-3.07
-3.07
-3.08
-3.09
-3.10
-3.10
-3.11
-3.12
-3.13
-3.13
-3.14
-3.15
-3.15
-3.16
-3.17
-3.17
-3.18
-3.18
-3.19
-3.19
-3.20
-3.20
-3.21
-3.21
-3.22
-3.22
-3.22
-3.23
-3.23
-3.23
-3.23
-3.24
-3.24
-3.24
-3.24
-3.24
-3.24
-3.24
-3.25
-3.25
-3.25
-3.25
-3.25
-3.24
-3.24
-3.24
-3.24
-3.24
-3.24
-3.24
-3.23
-3.23
-3.23
-3.23
-3.22
-3.22
-3.22
-3.22
-3.21
-3.21
-3.21
-3.20
-3.20
-3.20
-3.19
-3.19
-3.19
-3.18
-3.18
-3.18
-3.18
-3.17
-3.17
-3.17
-3.17
-3.16
-3.16
-3.16
-3.16
-3.16
-3.16
-3.16
-3.16
-3.15
-3.15
-3.15
-3.15
-3.15
-3.15
-3.15
-3.15
-3.16
-3.16
-3.16
-3.16
-3.16
-3.16
-3.16
-3.17
-3.17
-3.17
-3.17
-3.17
-3.18
-3.18
-3.18
-3.19
-3.19
-3.19
-3.20
-3.20
-3.20
-3.21
-3.21
-3.22
-3.22
-3.22
-3.23
-3.23
-3.24
-3.24
-3.25
-3.25
-3.26
-3.26
-3.27
-3.27
-3.27
-3.28
-3.28
-3.29
-3.29
-3.30
-3.30
-3.30
-3.31
-3.31
-3.31
-3.32
-3.32
-3.32
-3.33
-3.33
-3.33
-3.33
-3.33
-3.34
-3.34
-3.34
-3.34
-3.34
-3.34
-3.34
-3.34
-3.34
-3.34
-3.34
-3.34
-3.33
-3.33
-3.33
-3.33
-3.33
-3.32
-3.32
-3.32
-3.31
-3.31
-3.31
-3.30
-3.30
-3.29
-3.29
-3.28
-3.28
-3.27
-3.27
-3.26
-3.25
-3.25
-3.24
-3.24
-3.23
-3.22
-3.22
-3.21
-3.20
-3.20
-3.19
-3.18
-3.18
-3.17
-3.16
-3.15
-3.15
-3.14
-3.13
-3.13
-3.12
-3.11
-3.11
-3.10
-3.10
-3.09
-3.08
-3.08
-3.07
-3.07
-3.06
-3.06
-3.05
-3.05
-3.04
-3.04
-3.03
-3.03
-3.03
-3.02
-3.02
-3.02
-3.01
-3.01
-3.01
-3.01
-3.00
-3.00
-3.00
-3.00
-3.00
-3.00
-3.00
-2.99
-2.99
-2.99
-2.99
-2.99
-2.99
-2.99
-3.00
-3.00
-3.00
-3.00
-3.00
-3.00
-3.00
-3.01
-3.01
-3.01
-3.01
-3.01
-3.02
-3.02
-3.02
-3.02
-3.02
-3.03
-3.03
-3.03
-3.03
-3.04
-3.04
-3.04
-3.04
-3.05
-3.05
-3.05
-3.05
-3.06
-3.06
-3.06
-3.06
-3.06
-3.06
-3.07
-3.07
-3.07
-3.07
-3.07
-3.07
-3.07
-3.07
-3.08
-3.08
-3.08
-3.08
-3.08
-3.08
-3.08
-3.08
-3.08
-3.08
-3.08
-3.08
-3.08
-3.08
-3.07
-3.07
-3.07
-3.07
-3.07
-3.07
-3.07
-3.07
-3.07
-3.06
-3.06
-3.06
-3.06
-3.06
-3.06
-3.05
-3.05
-3.05
-3.05
-3.05
-3.04
-3.04
-3.04
-3.04
-3.04
-3.04
-3.03
-3.03
-3.03
-3.03
-3.03
-3.03
-3.03
-3.03
-3.02
-3.02
-3.02
-3.02
-3.02
-3.02
-3.02
-3.02
-3.02
-3.02
-3.02
-3.02
-3.03
-3.03
-3.03
-3.03
-3.03
-3.03
-3.04
-3.04
-3.04
-3.04
-3.05
-3.05
-3.05
-3.05
-3.06
-3.06
-3.06
-3.07
-3.07
-3.08
-3.08
-3.09
-3.09
-3.09
-3.10
-3.10
-3.11
-3.11
-3.12
-3.12
-3.13
-3.13
-3.14
-3.15
-3.15
-3.16
-3.16
-3.17
-3.17
-3.18
-3.18
-3.19
-3.20
-3.20
-3.21
-3.21
-3.22
-3.22
-3.23
-3.23
-3.24
-3.24
-3.25
-3.25
-3.25
-3.26
-3.26
-3.27
-3.27
-3.27
-3.28
-3.28
-3.29
-3.29
-3.29
-3.29
-3.30
-3.30
-3.30
-3.30
-3.30
-3.31
-3.31
-3.31
-3.31
-3.31
-3.31
-3.31
-3.31
-3.31
-3.31
-3.31
-3.31
-3.31
-3.31
-3.31
-3.31
-3.31
-3.31
-3.31
-3.31
-3.30
-3.30
-3.30
-3.30
-3.30
-3.29
-3.29
-3.29
-3.29
-3.28
-3.28
-3.28
-3.28
-3.27
-3.27
-3.27
-3.27
-3.26
-3.26
-3.26
-3.26
-3.25
-3.25
-3.25
-3.24
-3.24
-3.24
-3.24
-3.23
-3.23
-3.23
-3.23
-3.22
-3.22
-3.22
-3.22
-3.22
-3.21
-3.21
-3.21
-3.21
-3.21
-3.21
-3.20
-3.20
-3.20
-3.20
-3.20
-3.20
-3.20
-3.20
-3.19
-3.19
-3.19
-3.19
-3.19
-3.19
-3.19
-3.19
-3.19
-3.19
-3.19
-3.19
-3.19
-3.19
-3.19
-3.19
-3.19
-3.19
-3.19
-3.19
-3.19
-3.19
-3.19
-3.19
-3.19
-3.19
-3.19
-3.19
-3.19
-3.19
-3.19
-3.19
-3.19
-3.19
-3.19
-3.19
-3.19
-3.19
-3.18
-3.18
-3.18
-3.18
-3.18
-3.18
-3.18
-3.18
-3.17
-3.17
-3.17
-3.17
-3.17
-3.17
-3.16
-3.16
-3.16
-3.16
-3.15
-3.15
-3.15
-3.15
-3.14
-3.14
-3.14
-3.13
-3.13
-3.13
-3.12
-3.12
-3.12
-3.11
-3.11
-3.10
-3.10
-3.10
-3.09
-3.09
-3.09
-3.08
-3.08
-3.07
-3.07
-3.07
-3.06
-3.06
-3.05
-3.05
-3.05
-3.04
-3.04
-3.03
-3.03
-3.03
-3.02
-3.02
-3.02
-3.01
-3.01
-3.01
-3.00
-3.00
-3.00
-3.00
-2.99
-2.99
-2.99
-2.99
-2.98
-2.98
-2.98
-2.98
-2.98
-2.97
-2.97
-2.97
-2.97
-2.97
-2.97
-2.97
-2.97
-2.97
-2.97
-2.97
-2.97
-2.97
-2.97
-2.97
-2.97
-2.97
-2.97
-2.97
-2.98
-2.98
-2.98
-2.98
-2.98
-2.98
-2.99
-2.99
-2.99
-2.99
-3.00
-3.00
-3.00
-3.00
-3.01
-3.01
-3.01
-3.02
-3.02
-3.02
-3.02
-3.03
-3.03
-3.03
-3.04
-3.04
-3.04
-3.05
-3.05
-3.05
-3.06
-3.06
-3.06
-3.07
-3.07
-3.07
-3.08
-3.08
-3.08
-3.09
-3.09
-3.09
-3.10
-3.10
-3.10
-3.10
-3.11
-3.11
-3.11
-3.11
-3.12
-3.12
-3.12
-3.12
-3.12
-3.13
-3.13
-3.13
-3.13
-3.13
-3.13
-3.14
-3.14
-3.14
-3.14
-3.14
-3.14
-3.14
-3.15
-3.15
-3.15
-3.15
-3.15
-3.15
-3.15
-3.15
-3.15
-3.15
-3.16
-3.16
-3.16
-3.16
-3.16
-3.16
-3.16
-3.16
-3.16
-3.16
-3.16
-3.16
-3.17
-3.17
-3.17
-3.17
-3.17
-3.17
-3.17
-3.17
-3.17
-3.18
-3.18
-3.18
-3.18
-3.18
-3.18
-3.19
-3.19
-3.19
-3.19
-3.19
-3.19
-3.20
-3.20
-3.20
-3.20
-3.20
-3.21
-3.21
-3.21
-3.21
-3.22
-3.22
-3.22
-3.22
-3.22
-3.23
-3.23
-3.23
-3.23
-3.24
-3.24
-3.24
-3.24
-3.25
-3.25
-3.25
-3.25
-3.26
-3.26
-3.26
-3.26
-3.26
-3.27
-3.27
-3.27
-3.27
-3.28
-3.28
-3.28
-3.28
-3.28
-3.28
-3.29
-3.29
-3.29
-3.29
-3.29
-3.29
-3.29
-3.29
-3.29
-3.30
-3.30
-3.30
-3.30
-3.30
-3.30
-3.30
-3.30
-3.30
-3.30
-3.30
-3.30
-3.29
-3.29
-3.29
-3.29
-3.29
-3.29
-3.29
-3.29
-3.28
-3.28
-3.28
-3.28
-3.28
-3.28
-3.27
-3.27
-3.27
-3.27
-3.26
-3.26
-3.26
-3.26
-3.25
-3.25
-3.25
-3.24
-3.24
-3.24
-3.23
-3.23
-3.23
-3.22
-3.22
-3.22
-3.21
-3.21
-3.21
-3.20
-3.20
-3.20
-3.19
-3.19
-3.19
-3.18
-3.18
-3.18
-3.17
-3.17
-3.17
-3.16
-3.16
-3.16
-3.15
-3.15
-3.15
-3.14
-3.14
-3.14
-3.13
-3.13
-3.13
-3.13
-3.12
-3.12
-3.12
-3.12
-3.11
-3.11
-3.11
-3.11
-3.10
-3.10
-3.10
-3.10
-3.10
-3.09
-3.09
-3.09
-3.09
-3.09
-3.09
-3.08
-3.08
-3.08
-3.08
-3.08
-3.08
-3.08
-3.08
-3.07
-3.07
-3.07
-3.07
-3.07
-3.07
-3.07
-3.07
-3.07
-3.06
-3.06
-3.06
-3.06
-3.06
-3.06
-3.06
-3.06
-3.06
-3.06
-3.06
-3.06
-3.05
-3.05
-3.05
-3.05
-3.05
-3.05
-3.05
-3.05
-3.05
-3.05
-3.05
-3.05
-3.04
-3.04
-3.04
-3.04
-3.04
-3.04
-3.04
-3.04
-3.04
-3.04
-3.03
-3.03
-3.03
-3.03
-3.03
-3.03
-3.03
-3.03
-3.03
-3.03
-3.03
-3.02
-3.02
-3.02
-3.02
-3.02
-3.02
-3.02
-3.02
-3.02
-3.02
-3.02
-3.02
-3.02
-3.01
-3.01
-3.01
-3.01
-3.01
-3.01
-3.01
-3.01
-3.01
-3.01
-3.01
-3.01
-3.01
-3.01
-3.01
-3.01
-3.01
-3.02
-3.02
-3.02
-3.02
-3.02
-3.02
-3.02
-3.02
-3.02
-3.02
-3.03
-3.03
-3.03
-3.03
-3.03
-3.03
-3.04
-3.04
-3.04
-3.04
-3.04
-3.05
-3.05
-3.05
-3.05
-3.06
-3.06
-3.06
-3.06
-3.07
-3.07
-3.07
-3.07
-3.08
-3.08
-3.08
-3.09
-3.09
-3.09
-3.10
-3.10
-3.10
-3.11
-3.11
-3.11
-3.12
-3.12
-3.12
-3.13
-3.13
-3.13
-3.14
-3.14
-3.14
-3.15
-3.15
-3.16
-3.16
-3.16
-3.17
-3.17
-3.17
-3.18
-3.18
-3.18
-3.19
-3.19
-3.19
-3.19
-3.20
-3.20
-3.20
-3.20
-3.21
-3.21
-3.21
-3.21
-3.22
-3.22
-3.22
-3.22
-3.23
-3.23
-3.23
-3.23
-3.23
-3.23
-3.24
-3.24
-3.24
-3.24
-3.24
-3.24
-3.25
-3.25
-3.25
-3.25
-3.25
-3.25
-3.25
-3.25
-3.25
-3.25
-3.25
-3.26
-3.26
-3.26
-3.26
-3.26
-3.26
-3.26
-3.26
-3.26
-3.26
-3.26
-3.26
-3.26
-3.26
-3.26
-3.26
-3.26
-3.26
-3.26
-3.26
-3.26
-3.26
-3.26
-3.26
-3.26
-3.26
-3.26
-3.26
-3.26
-3.26
-3.26
-3.26
-3.26
-3.26
-3.26
-3.26
-3.26
-3.26
-3.26
-3.26
-3.26
-3.25
-3.25
-3.25
-3.25
-3.25
-3.25
-3.25
-3.25
-3.25
-3.25
-3.25
-3.25
-3.25
-3.25
-3.25
-3.25
-3.25
-3.25
-3.25
-3.24
-3.24
-3.24
-3.24
-3.24
-3.24
-3.24
-3.24
-3.24
-3.24
-3.23
-3.23
-3.23
-3.23
-3.23
-3.23
-3.23
-3.22
-3.22
-3.22
-3.22
-3.22
-3.22
-3.22
-3.21
-3.21
-3.21
-3.21
-3.21
-3.20
-3.20
-3.20
-3.20
-3.19
-3.19
-3.19
-3.19
-3.19
-3.18
-3.18
-3.18
-3.18
-3.17
-3.17
-3.17
-3.16
-3.16
-3.16
-3.16
-3.15
-3.15
-3.15
-3.14
-3.14
-3.14
-3.14
-3.13
-3.13
-3.13
-3.12
-3.12
-3.12
-3.11
-3.11
-3.11
-3.11
-3.10
-3.10
-3.10
-3.09
-3.09
-3.09
-3.08
-3.08
-3.08
-3.08
-3.07
-3.07
-3.07
-3.07
-3.06
-3.06
-3.06
-3.05
-3.05
-3.05
-3.05
-3.05
-3.04
-3.04
-3.04
-3.04
-3.04
-3.03
-3.03
-3.03
-3.03
-3.03
-3.03
-3.02
-3.02
-3.02
-3.02
-3.02
-3.02
-3.02
-3.02
-3.01
-3.01
-3.01
-3.01
-3.01
-3.01
-3.01
-3.01
-3.01
-3.01
-3.01
-3.01
-3.01
-3.01
-3.01
-3.01
-3.01
-3.01
-3.01
-3.01
-3.01
-3.01
-3.01
-3.01
-3.01
-3.01
-3.01
-3.01
-3.01
-3.02
-3.02
-3.02
-3.02
-3.02
-3.02
-3.02
-3.02
-3.02
-3.02
-3.03
-3.03
-3.03
-3.03
-3.03
-3.03
-3.03
-3.03
-3.03
-3.04
-3.04
-3.04
-3.04
-3.04
-3.04
-3.04
-3.05
-3.05
-3.05
-3.05
-3.05
-3.05
-3.05
-3.06
-3.06
-3.06
-3.06
-3.06
-3.06
-3.07
-3.07
-3.07
-3.07
-3.07
-3.07
-3.07
-3.08
-3.08
-3.08
-3.08
-3.08
-3.08
-3.09
-3.09
-3.09
-3.09
-3.09
-3.10
-3.10
-3.10
-3.10
-3.10
-3.10
-3.11
-3.11
-3.11
-3.11
-3.11
-3.12
-3.12
-3.12
-3.12
-3.13
-3.13
-3.13
-3.13
-3.13
-3.14
-3.14
-3.14
-3.14
-3.15
-3.15
-3.15
-3.15
-3.15
-3.16
-3.16
-3.16
-3.16
-3.17
-3.17
-3.17
-3.17
-3.18
-3.18
-3.18
-3.18
-3.19
-3.19
-3.19
-3.19
-3.20
-3.20
-3.20
-3.20
-3.21
-3.21
-3.21
-3.21
-3.22
-3.22
-3.22
-3.22
-3.23
-3.23
-3.23
-3.23
-3.23
-3.24
-3.24
-3.24
-3.24
-3.24
-3.25
-3.25
-3.25
-3.25
-3.25
-3.26
-3.26
-3.26
-3.26
-3.26
-3.26
-3.26
-3.27
-3.27
-3.27
-3.27
-3.27
-3.27
-3.27
-3.27
-3.27
-3.27
-3.28
-3.28
-3.28
-3.28
-3.28
-3.28
-3.28
-3.28
-3.28
-3.28
-3.28
-3.28
-3.28
-3.28
-3.28
-3.28
-3.28
-3.28
-3.28
-3.27
-3.27
-3.27
-3.27
-3.27
-3.27
-3.27
-3.27
-3.27
-3.27
-3.27
-3.26
-3.26
-3.26
-3.26
-3.26
-3.26
-3.26
-3.25
-3.25
-3.25
-3.25
-3.25
-3.25
-3.24
-3.24
-3.24
-3.24
-3.24
-3.23
-3.23
-3.23
-3.23
-3.23
-3.22
-3.22
-3.22
-3.22
-3.22
-3.21
-3.21
-3.21
-3.21
-3.21
-3.20
-3.20
-3.20
-3.20
-3.19
-3.19
-3.19
-3.19
-3.19
-3.18
-3.18
-3.18
-3.18
-3.18
-3.17
-3.17
-3.17
-3.17
-3.16
-3.16
-3.16
-3.16
-3.16
-3.15
-3.15
-3.15
-3.15
-3.15
-3.14
-3.14
-3.14
-3.14
-3.13
-3.13
-3.13
-3.13
-3.13
-3.12
-3.12
-3.12
-3.12
-3.12
-3.11
-3.11
-3.11
-3.11
-3.11
-3.10
-3.10
-3.10
-3.10
-3.10
-3.09
-3.09
-3.09
-3.09
-3.08
-3.08
-3.08
-3.08
-3.08
-3.07
-3.07
-3.07
-3.07
-3.07
-3.07
-3.06
-3.06
-3.06
-3.06
-3.06
-3.05
-3.05
-3.05
-3.05
-3.05
-3.05
-3.04
-3.04
-3.04
-3.04
-3.04
-3.03
-3.03
-3.03
-3.03
-3.03
-3.03
-3.03
-3.02
-3.02
-3.02
-3.02
-3.02
-3.02
-3.02
-3.02
-3.02
-3.02
-3.01
-3.01
-3.01
-3.01
-3.01
-3.01
-3.01
-3.01
-3.01
-3.01
-3.01
-3.01
-3.01
-3.01
-3.01
-3.01
-3.01
-3.01
-3.01
-3.01
-3.01
-3.01
-3.01
-3.01
-3.01
-3.01
-3.01
-3.02
-3.02
-3.02
-3.02
-3.02
-3.02
-3.02
-3.02
-3.02
-3.03
-3.03
-3.03
-3.03
-3.03
-3.03
-3.03
-3.04
-3.04
-3.04
-3.04
-3.04
-3.05
-3.05
-3.05
-3.05
-3.05
-3.06
-3.06
-3.06
-3.06
-3.06
-3.07
-3.07
-3.07
-3.07
-3.08
-3.08
-3.08
-3.08
-3.08
-3.09
-3.09
-3.09
-3.09
-3.10
-3.10
-3.10
-3.10
-3.11
-3.11
-3.11
-3.11
-3.12
-3.12
-3.12
-3.12
-3.13
-3.13
-3.13
-3.13
-3.14
-3.14
-3.14
-3.14
-3.15
-3.15
-3.15
-3.15
-3.16
-3.16
-3.16
-3.16
-3.17
-3.17
-3.17
-3.17
-3.17
-3.18
-3.18
-3.18
-3.18
-3.19
-3.19
-3.19
-3.19
-3.19
-3.20
-3.20
-3.20
-3.20
-3.20
-3.21
-3.21
-3.21
-3.21
-3.21
-3.21
-3.22
-3.22
-3.22
-3.22
-3.22
-3.22
-3.23
-3.23
-3.23
-3.23
-3.23
-3.23
-3.24
-3.24
-3.24
-3.24
-3.24
-3.24
-3.24
-3.24
-3.25
-3.25
-3.25
-3.25
-3.25
-3.25
-3.25
-3.25
-3.25
-3.26
-3.26
-3.26
-3.26
-3.26
-3.26
-3.26
-3.26
-3.26
-3.26
-3.26
-3.26
-3.26
-3.26
-3.26
-3.27
-3.27
-3.27
-3.27
-3.27
-3.27
-3.27
-3.27
-3.27
-3.27
-3.27
-3.27
-3.27
-3.27
-3.27
-3.27
-3.27
-3.26
-3.26
-3.26
-3.26
-3.26
-3.26
-3.26
-3.26
-3.26
-3.26
-3.26
-3.26
-3.26
-3.26
-3.25
-3.25
-3.25
-3.25
-3.25
-3.25
-3.25
-3.25
-3.24
-3.24
-3.24
-3.24
-3.24
-3.24
-3.23
-3.23
-3.23
-3.23
-3.23
-3.23
-3.22
-3.22
-3.22
-3.22
-3.22
-3.21
-3.21
-3.21
-3.21
-3.20
-3.20
-3.20
-3.20
-3.19
-3.19
-3.19
-3.19
-3.19
-3.18
-3.18
-3.18
-3.18
-3.17
-3.17
-3.17
-3.16
-3.16
-3.16
-3.16
-3.15
-3.15
-3.15
-3.15
-3.14
-3.14
-3.14
-3.14
-3.13
-3.13
-3.13
-3.13
-3.12
-3.12
-3.12
-3.12
-3.11
-3.11
-3.11
-3.11
-3.10
-3.10
-3.10
-3.10
-3.09
-3.09
-3.09
-3.09
-3.09
-3.08
-3.08
-3.08
-3.08
-3.07
-3.07
-3.07
-3.07
-3.07
-3.06
-3.06
-3.06
-3.06
-3.06
-3.06
-3.05
-3.05
-3.05
-3.05
-3.05
-3.05
-3.04
-3.04
-3.04
-3.04
-3.04
-3.04
-3.04
-3.04
-3.03
-3.03
-3.03
-3.03
-3.03
-3.03
-3.03
-3.03
-3.03
-3.03
-3.03
-3.02
-3.02
-3.02
-3.02
-3.02
-3.02
-3.02
-3.02
-3.02
-3.02
-3.02
-3.02
-3.02
-3.02
-3.02
-3.02
-3.02
-3.02
-3.02
-3.02
-3.02
-3.02
-3.02
-3.02
-3.02
-3.02
-3.02
-3.02
-3.02
-3.02
-3.02
-3.02
-3.02
-3.02
-3.02
-3.03
-3.03
-3.03
-3.03
-3.03
-3.03
-3.03
-3.03
-3.03
-3.03
-3.03
-3.04
-3.04
-3.04
-3.04
-3.04
-3.04
-3.04
-3.04
-3.05
-3.05
-3.05
-3.05
-3.05
-3.05
-3.06
-3.06
-3.06
-3.06
-3.06
-3.06
-3.07
-3.07
-3.07
-3.07
-3.07
-3.08
-3.08
-3.08
-3.08
-3.08
-3.09
-3.09
-3.09
-3.09
-3.09
-3.10
-3.10
-3.10
-3.10
-3.11
-3.11
-3.11
-3.11
-3.11
-3.12
-3.12
-3.12
-3.12
-3.13
-3.13
-3.13
-3.13
-3.14
-3.14
-3.14
-3.14
-3.15
-3.15
-3.15
-3.15
-3.16
-3.16
-3.16
-3.16
-3.17
-3.17
-3.17
-3.17
-3.18
-3.18
-3.18
-3.18
-3.19
-3.19
-3.19
-3.19
-3.20
-3.20
-3.20
-3.20
-3.20
-3.21
-3.21
-3.21
-3.21
-3.22
-3.22
-3.22
-3.22
-3.22
-3.23
-3.23
-3.23
-3.23
-3.23
-3.23
-3.24
-3.24
-3.24
-3.24
-3.24
-3.24
-3.25
-3.25
-3.25
-3.25
-3.25
-3.25
-3.25
-3.25
-3.26
-3.26
-3.26
-3.26
-3.26
-3.26
-3.26
-3.26
-3.26
-3.26
-3.26
-3.26
-3.26
-3.26
-3.27
-3.27
-3.27
-3.27
-3.27
-3.27
-3.27
-3.27
-3.27
-3.27
-3.27
-3.27
-3.27
-3.27
-3.27
-3.27
-3.26
-3.26
-3.26
-3.26
-3.26
-3.26
-3.26
-3.26
-3.26
-3.26
-3.26
-3.26
-3.26
-3.26
-3.26
-3.25
-3.25
-3.25
-3.25
-3.25
-3.25
-3.25
-3.25
-3.25
-3.24
-3.24
-3.24
-3.24
-3.24
-3.24
-3.24
-3.23
-3.23
-3.23
-3.23
-3.23
-3.23
-3.22
-3.22
-3.22
-3.22
-3.22
-3.22
-3.21
-3.21
-3.21
-3.21
-3.21
-3.20
-3.20
-3.20
-3.20
-3.20
-3.19
-3.19
-3.19
-3.19
-3.19
-3.18
-3.18
-3.18
-3.18
-3.17
-3.17
-3.17
-3.17
-3.17
-3.16
-3.16
-3.16
-3.16
-3.15
-3.15
-3.15
-3.14
-3.14
-3.14
-3.14
-3.14
-3.13
-3.13
-3.13
-3.13
-3.12
-3.12
-3.12
-3.12
-3.11
-3.11
-3.11
-3.11
-3.10
-3.10
-3.10
-3.10
-3.10
-3.09
-3.09
-3.09
-3.09
-3.08
-3.08
-3.08
-3.08
-3.08
-3.07
-3.07
-3.07
-3.07
-3.07
-3.06
-3.06
-3.06
-3.06
-3.06
-3.05
-3.05
-3.05
-3.05
-3.05
-3.05
-3.04
-3.04
-3.04
-3.04
-3.04
-3.04
-3.04
-3.03
-3.03
-3.03
-3.03
-3.03
-3.03
-3.03
-3.03
-3.03
-3.02
-3.02
-3.02
-3.02
-3.02
-3.02
-3.02
-3.02
-3.02
-3.02
-3.02
-3.02
-3.02
-3.02
-3.02
-3.02
-3.02
-3.02
-3.02
-3.02
-3.02
-3.02
-3.02
-3.02
-3.02
-3.02
-3.02
-3.02
-3.02
-3.02
-3.02
-3.02
-3.02
-3.02
-3.02
-3.02
-3.03
-3.03
-3.03
-3.03
-3.03
-3.03
-3.03
-3.03
-3.03
-3.04
-3.04
-3.04
-3.04
-3.04
-3.04
-3.04
-3.05
-3.05
-3.05
-3.05
-3.05
-3.05
-3.06
-3.06
-3.06
-3.06
-3.06
-3.06
-3.07
-3.07
-3.07
-3.07
-3.07
-3.08
-3.08
-3.08
-3.08
-3.08
-3.09
-3.09
-3.09
-3.09
-3.09
-3.10
-3.10
-3.10
-3.10
-3.11
-3.11
-3.11
-3.11
-3.11
-3.12
-3.12
-3.12
-3.12
-3.13
-3.13
-3.13
-3.13
-3.14
-3.14
-3.14
-3.14
-3.15
-3.15
-3.15
-3.15
-3.16
-3.16
-3.16
-3.16
-3.16
-3.17
-3.17
-3.17
-3.17
-3.18
-3.18
-3.18
-3.18
-3.18
-3.19
-3.19
-3.19
-3.19
-3.19
-3.20
-3.20
-3.20
-3.20
-3.21
-3.21
-3.21
-3.21
-3.21
-3.22
-3.22
-3.22
-3.22
-3.22
-3.22
-3.23
-3.23
-3.23
-3.23
-3.23
-3.23
-3.24
-3.24
-3.24
-3.24
-3.24
-3.24
-3.24
-3.25
-3.25
-3.25
-3.25
-3.25
-3.25
-3.25
-3.25
-3.26
-3.26
-3.26
-3.26
-3.26
-3.26
-3.26
-3.26
-3.26
-3.26
-3.26
-3.26
-3.26
-3.26
-3.26
-3.26
-3.26
-3.27
-3.27
-3.27
-3.27
-3.27
-3.27
-3.27
-3.27
-3.27
-3.26
-3.26
-3.26
-3.26
-3.26
-3.26
-3.26
-3.26
-3.26
-3.26
-3.26
-3.26
-3.26
-3.26
-3.26
-3.26
-3.25
-3.25
-3.25
-3.25
-3.25
-3.25
-3.25
-3.25
-3.25
-3.24
-3.24
-3.24
-3.24
-3.24
-3.24
-3.23
-3.23
-3.23
-3.23
-3.23
-3.23
-3.22
-3.22
-3.22
-3.22
-3.22
-3.22
-3.21
-3.21
-3.21
-3.21
-3.21
-3.20
-3.20
-3.20
-3.20
-3.19
-3.19
-3.19
-3.19
-3.19
-3.18
-3.18
-3.18
-3.18
-3.17
-3.17
-3.17
-3.17
-3.17
-3.16
-3.16
-3.16
-3.16
-3.15
-3.15
-3.15
-3.15
-3.14
-3.14
-3.14
-3.14
-3.14
-3.13
-3.13
-3.13
-3.13
-3.12
-3.12
-3.12
-3.12
-3.11
-3.11
-3.11
-3.11
-3.11
-3.10
-3.10
-3.10
-3.10
-3.09
-3.09
-3.09
-3.09
-3.09
-3.08
-3.08
-3.08
-3.08
-3.08
-3.07
-3.07
-3.07
-3.07
-3.07
-3.07
-3.06
-3.06
-3.06
-3.06
-3.06
-3.05
-3.05
-3.05
-3.05
-3.05
-3.05
-3.05
-3.04
-3.04
-3.04
-3.04
-3.04
-3.04
-3.04
-3.04
-3.03
-3.03
-3.03
-3.03
-3.03
-3.03
-3.03
-3.03
-3.03
-3.03
-3.03
-3.02
-3.02
-3.02
-3.02
-3.02
-3.02
-3.02
-3.02
-3.02
-3.02
-3.02
-3.02
-3.02
-3.02
-3.02
-3.02
-3.02
-3.02
-3.02
-3.02
-3.02
-3.02
-3.02
-3.02
-3.02
-3.02
-3.02
-3.02
-3.02
-3.02
-3.03
-3.03
-3.03
-3.03
-3.03
-3.03
-3.03
-3.03
-3.03
-3.03
-3.03
-3.04
-3.04
-3.04
-3.04
-3.04
-3.04
-3.04
-3.04
-3.05
-3.05
-3.05
-3.05
-3.05
-3.05
-3.06
-3.06
-3.06
-3.06
-3.06
-3.06
-3.07
-3.07
-3.07
-3.07
-3.07
-3.08
-3.08
-3.08
-3.08
-3.08
-3.09
-3.09
-3.09
-3.09
-3.10
-3.10
-3.10
-3.10
-3.10
-3.11
-3.11
-3.11
-3.11
-3.12
-3.12
-3.12
-3.12
-3.13
-3.13
-3.13
-3.13
-3.13
-3.14
-3.14
-3.14
-3.14
-3.15
-3.15
-3.15
-3.15
-3.16
-3.16
-3.16
-3.16
-3.17
-3.17
-3.17
-3.17
-3.17
-3.18
-3.18
-3.18
-3.18
-3.19
-3.19
-3.19
-3.19
-3.19
-3.20
-3.20
-3.20
-3.20
-3.20
-3.21
-3.21
-3.21
-3.21
-3.21
-3.22
-3.22
-3.22
-3.22
-3.22
-3.22
-3.23
-3.23
-3.23
-3.23
-3.23
-3.23
-3.24
-3.24
-3.24
-3.24
-3.24
-3.24
-3.24
-3.24
-3.25
-3.25
-3.25
-3.25
-3.25
-3.25
-3.25
-3.25
-3.25
-3.25
-3.26
-3.26
-3.26
-3.26
-3.26
-3.26
-3.26
-3.26
-3.26
-3.26
-3.26
-3.26
-3.26
-3.26
-3.26
-3.26
-3.26
-3.26
-3.26
-3.26
-3.26
-3.26
-3.26
-3.26
-3.26
-3.26
-3.26
-3.26
-3.26
-3.26
-3.26
-3.26
-3.26
-3.26
-3.26
-3.26
-3.25
-3.25
-3.25
-3.25
-3.25
-3.25
-3.25
-3.25
-3.25
-3.25
-3.24
-3.24
-3.24
