-0.00
0.00
0.00
-0.00
-0.00
-0.00
-0.00
-0.00
-0.00
-0.00
-0.00
-0.00
-0.00
-0.00
-0.00
-0.00
-0.00
-0.00
-0.00
-0.00
-0.00
-0.00
-0.00
-0.00
-0.00
-0.00
-0.00
-0.00
-0.00
-0.00
-0.00
-0.00
-0.00
-0.00
-0.00
-0.00
-0.00
-0.00
-0.00
-0.00
-0.00
-0.00
-0.00
-0.00
-0.00
-0.00
-0.00
-0.00
-0.00
-0.00
-0.00
-0.00
-0.00
-0.00
-0.00
-0.00
-0.00
-0.00
-0.00
-0.00
-0.00
-0.00
-0.00
-0.00
-0.00
-0.00
-0.00
-0.00
-0.00
-0.00
-0.00
-0.00
-0.00
-0.00
-0.00
-0.00
-0.00
-0.00
-0.00
-0.00
-0.00
-0.00
-0.00
-0.00
-0.00
-0.00
-0.00
-0.00
-0.00
-0.00
-0.00
-0.00
-0.00
-0.00
-0.00
-0.00
-0.00
-0.00
-0.00
-0.00
-0.00
-0.00
-0.00
-0.00
-0.00
-0.00
-0.00
-0.00
-0.00
-0.00
-0.00
-0.00
-0.00
-0.00
-0.00
-0.00
-0.00
-0.00
-0.00
-0.00
-0.00
-0.00
-0.00
-0.00
-0.00
-0.00
-0.00
-0.00
-0.00
-0.00
-0.00
-0.00
-0.00
-0.00
-0.00
-0.00
-0.00
-0.00
-0.00
-0.00
-0.00
-0.00
-0.00
-0.00
-0.00
-0.00
-0.00
-0.00
-0.00
-0.00
-0.00
-0.00
-0.00
-0.00
-0.00
-0.00
-0.00
-0.00
-0.00
-0.00
-0.00
-0.00
-0.00
-0.00
-0.00
-0.00
-0.00
-0.00
-0.00
-0.00
-0.00
-0.00
-0.00
-0.00
-0.00
-0.00
-0.00
-0.00
-0.00
-0.00
-0.00
-0.00
-0.00
-0.00
-0.00
-0.00
-0.00
-0.00
-0.00
-0.00
-0.00
-0.00
-0.00
-0.00
-0.00
-0.00
-0.00
-0.00
-0.00
-0.00
-0.00
-0.00
-0.00
-0.00
-0.00
-0.00
-0.00
-0.00
-0.00
-0.00
-0.00
-0.00
-0.00
-0.00
-0.00
-0.00
-0.00
-0.00
-0.00
-0.00
-0.00
-0.00
-0.00
-0.00
-0.00
-0.00
-0.00
-0.00
-0.00
-0.00
-0.00
-0.00
-0.00
-0.00
-0.00
-0.00
-0.00
-0.00
-0.00
-0.00
-0.00
-0.00
-0.00
-0.00
-0.00
-0.00
-0.00
-0.00
-0.00
-0.00
-0.00
-0.00
-0.00
-0.00
-0.00
-0.00
-0.00
-0.00
-0.00
-0.00
-0.00
-0.00
-0.00
-0.00
-0.00
-0.00
-0.00
-0.00
-0.00
-0.00
-0.00
-0.00
-0.00
-0.00
-0.00
-0.00
-0.00
-0.00
-0.00
-0.00
-0.00
-0.00
-0.00
-0.00
-0.00
-0.00
-0.00
-0.00
-0.00
-0.00
-0.00
-0.00
-0.00
-0.00
-0.00
-0.00
-0.00
-0.00
-0.00
-0.00
-0.00
-0.00
-0.00
-0.00
-0.00
-0.00
-0.00
-0.00
-0.00
-0.00
-0.00
-0.00
-0.00
-0.00
-0.00
-0.00
-0.00
-0.00
-0.00
-0.00
-0.00
-0.00
-0.00
-0.00
-0.00
-0.00
-0.00
-0.00
-0.00
-0.00
-0.00
-0.00
-0.00
-0.00
-0.00
-0.00
-0.00
-0.00
-0.00
-0.00
-0.00
-0.00
-0.00
-0.00
-0.00
-0.00
-0.00
-0.00
-0.00
-0.00
-0.00
-0.00
-0.00
-0.00
-0.00
-0.00
-0.00
-0.00
-0.01
-0.01
-0.01
-0.01
-0.01
-0.01
-0.01
-0.01
-0.01
-0.01
-0.01
-0.01
-0.01
-0.01
-0.01
-0.01
-0.01
-0.01
-0.01
-0.01
-0.01
-0.01
-0.01
-0.01
-0.02
-0.02
-0.02
-0.02
-0.02
-0.02
-0.02
-0.02
-0.02
-0.02
-0.02
-0.03
-0.03
-0.03
-0.03
-0.03
-0.03
-0.03
-0.04
-0.04
-0.04
-0.04
-0.04
-0.05
-0.05
-0.05
-0.05
-0.05
-0.06
-0.06
-0.06
-0.07
-0.07
-0.07
-0.08
-0.08
-0.08
-0.09
-0.09
-0.09
-0.10
-0.10
-0.11
-0.11
-0.12
-0.13
-0.13
-0.14
-0.14
-0.15
-0.16
-0.16
-0.17
-0.18
-0.19
-0.20
-0.21
-0.22
-0.23
-0.24
-0.25
-0.26
-0.27
-0.28
-0.30
-0.31
-0.32
-0.34
-0.35
-0.37
-0.38
-0.40
-0.42
-0.44
-0.45
-0.47
-0.49
-0.51
-0.53
-0.56
-0.58
-0.60
-0.62
-0.65
-0.67
-0.70
-0.72
-0.75
-0.78
-0.80
-0.83
-0.86
-0.89
-0.92
-0.95
-0.98
-1.01
-1.04
-1.07
-1.10
-1.14
-1.17
-1.20
-1.24
-1.27
-1.31
-1.34
-1.38
-1.42
-1.45
-1.49
-1.53
-1.57
-1.61
-1.65
-1.69
-1.73
-1.77
-1.81
-1.85
-1.89
-1.94
-1.98
-2.03
-2.07
-2.12
-2.17
-2.21
-2.26
-2.31
-2.36
-2.41
-2.47
-2.52
-2.58
-2.63
-2.69
-2.75
-2.81
-2.87
-2.93
-3.00
-3.06
-3.13
-3.19
-3.25
-3.32
-3.38
-3.44
-3.50
-3.57
-3.62
-3.68
-3.74
-3.79
-3.85
-3.90
-3.95
-4.01
-4.06
-4.11
-4.16
-4.21
-4.25
-4.30
-4.35
-4.40
-4.44
-4.49
-4.53
-4.58
-4.63
-4.67
-4.72
-4.76
-4.81
-4.85
-4.89
-4.94
-4.98
-5.03
-5.08
-5.12
-5.17
-5.21
-5.26
-5.31
-5.36
-5.41
-5.45
-5.51
-5.56
-5.61
-5.66
-5.72
-5.77
-5.83
-5.89
-5.95
-6.01
-6.07
-6.13
-6.20
-6.27
-6.33
-6.40
-6.46
-6.53
-6.59
-6.66
-6.72
-6.78
-6.84
-6.90
-6.96
-7.02
-7.07
-7.13
-7.18
-7.23
-7.28
-7.33
-7.38
-7.43
-7.48
-7.52
-7.57
-7.61
-7.65
-7.69
-7.73
-7.77
-7.81
-7.85
-7.89
-7.92
-7.96
-7.99
-8.02
-8.05
-8.08
-8.11
-8.13
-8.15
-8.18
-8.20
-8.21
-8.23
-8.24
-8.26
-8.27
-8.27
-8.28
-8.28
-8.28
-8.28
-8.27
-8.26
-8.25
-8.24
-8.22
-8.20
-8.17
-8.15
-8.12
-8.08
-8.05
-8.01
-7.96
-7.91
-7.86
-7.81
-7.75
-7.69
-7.62
-7.54
-7.47
-7.38
-7.29
-7.19
-7.09
-6.98
-6.85
-6.72
-6.57
-6.42
-6.26
-6.10
-5.95
-5.81
-5.68
-5.56
-5.35
-5.26
-5.17
-5.10
-5.02
-4.96
-4.89
-4.84
-4.78
-4.74
-4.69
-4.65
-4.62
-4.59
-4.56
-4.54
-4.52
-4.51
-4.50
-4.50
-4.50
-4.50
-4.50
-4.52
-4.53
-4.55
-4.57
-4.59
-4.62
-4.66
-4.69
-4.73
-4.77
-4.82
-4.86
-4.92
-4.97
-5.03
-5.09
-5.16
-5.23
-5.30
-5.38
-5.46
-5.55
-5.64
-5.74
-5.84
-5.95
-6.06
-6.18
-6.30
-6.53
-6.64
-6.74
-6.84
-6.93
-7.02
-7.10
-7.18
-7.25
-7.32
-7.39
-7.46
-7.52
-7.58
-7.64
-7.69
-7.75
-7.80
-7.85
-7.90
-7.95
-8.00
-8.05
-8.09
-8.14
-8.18
-8.23
-8.27
-8.31
-8.36
-8.40
-8.44
-8.48
-8.52
-8.56
-8.60
-8.64
-8.69
-8.73
-8.77
-8.81
-8.85
-8.89
-8.93
-8.97
-9.02
-9.06
-9.10
-9.14
-9.18
-9.23
-9.27
-9.31
-9.36
-9.40
-9.44
-9.49
-9.53
-9.57
-9.61
-9.66
-9.70
-9.74
-9.78
-9.82
-9.86
-9.90
-9.93
-9.97
-10.01
-10.04
-10.08
-10.11
-10.15
-10.18
-10.22
-10.25
-10.28
-10.31
-10.34
-10.37
-10.40
-10.43
-10.46
-10.49
-10.52
-10.54
-10.57
-10.60
-10.62
-10.65
-10.67
-10.70
-10.72
-10.74
-10.77
-10.79
-10.81
-10.83
-10.85
-10.87
-10.89
-10.91
-10.93
-10.95
-10.97
-10.98
-11.00
-11.02
-11.04
-11.05
-11.07
-11.08
-11.10
-11.11
-11.13
-11.14
-11.15
-11.16
-11.18
-11.19
-11.20
-11.21
-11.22
-11.23
-11.24
-11.25
-11.26
-11.27
-11.28
-11.29
-11.30
-11.31
-11.32
-11.33
-11.33
-11.34
-11.35
-11.36
-11.37
-11.37
-11.38
-11.39
-11.40
-11.40
-11.41
-11.42
-11.43
-11.43
-11.44
-11.45
-11.46
-11.47
-11.48
-11.49
-11.50
-11.51
-11.52
-11.53
-11.54
-11.55
-11.57
-11.58
-11.60
-11.61
-11.63
-11.64
-11.66
-11.68
-11.70
-11.72
-11.75
-11.77
-11.80
-11.82
-11.85
-11.88
-11.91
-11.95
-11.98
-12.02
-12.06
-12.10
-12.15
-12.19
-12.24
-12.30
-12.35
-12.41
-12.46
-12.52
-12.58
-12.64
-12.70
-12.76
-12.82
-12.88
-12.94
-12.99
-13.04
-13.09
-13.13
-13.17
-13.21
-13.25
-13.28
-13.31
-13.34
-13.36
-13.38
-13.40
-13.42
-13.43
-13.43
-13.44
-13.44
-13.44
-13.43
-13.42
-13.41
-13.39
-13.37
-13.34
-13.31
-13.27
-13.23
-13.19
-13.14
-13.09
-13.03
-12.96
-12.90
-12.82
-12.75
-12.67
-12.59
-12.50
-12.42
-12.35
-12.27
-12.20
-12.14
-12.08
-12.03
-11.98
-11.93
-11.90
-11.86
-11.83
-11.81
-11.79
-11.78
-11.77
-11.76
-11.76
-11.77
-11.78
-11.79
-11.80
-11.83
-11.85
-11.88
-11.91
-11.95
-11.99
-12.04
-12.09
-12.15
-12.20
-12.27
-12.33
-12.40
-12.47
-12.54
-12.61
-12.68
-12.74
-12.81
-12.87
-12.92
-12.98
-13.03
-13.07
-13.12
-13.16
-13.19
-13.22
-13.25
-13.28
-13.30
-13.32
-13.34
-13.36
-13.37
-13.38
-13.39
-13.39
-13.40
-13.40
-13.40
-13.40
-13.39
-13.39
-13.38
-13.37
-13.36
-13.35
-13.34
-13.32
-13.31
-13.29
-13.27
-13.25
-13.23
-13.20
-13.18
-13.15
-13.13
-13.10
-13.07
-13.04
-13.01
-12.97
-12.94
-12.91
-12.87
-12.83
-12.79
-12.76
-12.72
-12.68
-12.63
-12.59
-12.55
-12.51
-12.46
-12.42
-12.38
-12.33
-12.29
-12.25
-12.20
-12.16
-12.12
-12.07
-12.03
-11.99
-11.95
-11.91
-11.86
-11.82
-11.78
-11.74
-11.70
-11.66
-11.62
-11.58
-11.54
-11.50
-11.46
-11.42
-11.38
-11.34
-11.30
-11.26
-11.22
-11.18
-11.14
-11.10
-11.05
-11.01
-10.97
-10.93
-10.89
-10.84
-10.80
-10.76
-10.72
-10.67
-10.63
-10.58
-10.54
-10.49
-10.44
-10.39
-10.35
-10.30
-10.25
-10.20
-10.14
-10.09
-10.04
-9.98
-9.92
-9.87
-9.81
-9.75
-9.69
-9.62
-9.56
-9.50
-9.43
-9.37
-9.30
-9.24
-9.18
-9.11
-9.05
-8.99
-8.93
-8.87
-8.82
-8.76
-8.71
-8.65
-8.60
-8.55
-8.49
-8.44
-8.39
-8.34
-8.29
-8.25
-8.20
-8.15
-8.10
-8.06
-8.01
-7.96
-7.92
-7.87
-7.82
-7.78
-7.73
-7.68
-7.64
-7.59
-7.55
-7.50
-7.45
-7.40
-7.36
-7.31
-7.26
-7.21
-7.16
-7.11
-7.06
-7.00
-6.95
-6.89
-6.84
-6.78
-6.72
-6.66
-6.60
-6.53
-6.47
-6.40
-6.34
-6.27
-6.20
-6.13
-6.06
-6.00
-5.93
-5.87
-5.80
-5.74
-5.68
-5.62
-5.56
-5.50
-5.45
-5.39
-5.34
-5.28
-5.23
-5.18
-5.13
-5.08
-5.03
-4.98
-4.93
-4.89
-4.84
-4.80
-4.75
-4.71
-4.67
-4.62
-4.58
-4.54
-4.50
-4.47
-4.43
-4.39
-4.36
-4.33
-4.29
-4.26
-4.23
-4.20
-4.18
-4.15
-4.13
-4.11
-4.09
-4.07
-4.05
-4.04
-4.03
-4.02
-4.02
-4.01
-4.01
-4.01
-4.02
-4.02
-4.03
-4.05
-4.06
-4.08
-4.10
-4.13
-4.16
-4.19
-4.22
-4.26
-4.30
-4.34
-4.39
-4.44
-4.50
-4.56
-4.62
-4.68
-4.75
-4.83
-4.91
-4.99
-5.08
-5.18
-5.28
-5.39
-5.51
-5.64
-5.78
-5.94
-6.10
-6.28
-6.45
-6.62
-6.77
-6.91
-7.04
-7.16
-7.27
-7.38
-7.47
-7.56
-7.64
-7.72
-7.80
-7.86
-7.93
-7.99
-8.05
-8.10
-8.15
-8.19
-8.24
-8.27
-8.31
-8.34
-8.37
-8.39
-8.41
-8.43
-8.45
-8.46
-8.47
-8.47
-8.47
-8.47
-8.47
-8.46
-8.45
-8.44
-8.42
-8.41
-8.39
-8.36
-8.34
-8.31
-8.28
-8.25
-8.22
-8.19
-8.15
-8.11
-8.07
-8.03
-7.99
-7.95
-7.90
-7.85
-7.81
-7.76
-7.71
-7.65
-7.60
-7.55
-7.49
-7.43
-7.37
-7.31
-7.25
-7.18
-7.11
-7.05
-6.97
-6.90
-6.82
-6.75
-6.66
-6.58
-6.50
-6.41
-6.32
-6.23
-6.15
-6.06
-5.98
-5.90
-5.83
-5.75
-5.68
-5.61
-5.55
-5.48
-5.42
-5.36
-5.30
-5.24
-5.19
-5.13
-5.08
-5.02
-4.97
-4.92
-4.87
-4.82
-4.77
-4.72
-4.67
-4.62
-4.57
-4.52
-4.47
-4.42
-4.37
-4.32
-4.27
-4.22
-4.16
-4.11
-4.06
-4.01
-3.95
-3.90
-3.84
-3.79
-3.73
-3.67
-3.61
-3.55
-3.49
-3.43
-3.37
-3.30
-3.24
-3.18
-3.11
-3.05
-2.98
-2.92
-2.86
-2.80
-2.74
-2.68
-2.62
-2.57
-2.51
-2.46
-2.41
-2.36
-2.31
-2.26
-2.21
-2.16
-2.12
-2.07
-2.03
-1.98
-1.94
-1.89
-1.85
-1.81
-1.77
-1.73
-1.69
-1.65
-1.61
-1.57
-1.53
-1.49
-1.45
-1.41
-1.37
-1.34
-1.30
-1.26
-1.22
-1.19
-1.15
-1.12
-1.08
-1.04
-1.01
-0.97
-0.94
-0.90
-0.87
-0.83
-0.80
-0.76
-0.73
-0.70
-0.66
-0.63
-0.59
-0.56
-0.53
-0.49
-0.46
-0.43
-0.39
-0.36
-0.33
-0.30
-0.26
-0.23
-0.20
-0.17
-0.14
-0.11
-0.08
-0.05
-0.02
0.01
0.04
0.07
0.10
0.12
0.15
0.17
0.20
0.22
0.24
0.27
0.29
0.31
0.33
0.34
0.36
0.38
0.39
0.41
0.42
0.43
0.44
0.45
0.46
0.47
0.47
0.48
0.48
0.48
0.48
0.48
0.47
0.47
0.46
0.45
0.44
0.43
0.42
0.40
0.38
0.36
0.34
0.31
0.28
0.26
0.22
0.19
0.16
0.12
0.08
0.04
0.00
-0.04
-0.08
-0.12
-0.16
-0.20
-0.24
-0.28
-0.31
-0.34
-0.37
-0.40
-0.43
-0.45
-0.47
-0.48
-0.50
-0.51
-0.52
-0.52
-0.52
-0.52
-0.51
-0.50
-0.49
-0.47
-0.45
-0.43
-0.40
-0.37
-0.33
-0.29
-0.25
-0.21
-0.16
-0.12
-0.07
-0.02
0.03
0.08
0.13
0.18
0.23
0.27
0.31
0.34
0.38
0.41
0.43
0.45
0.47
0.49
0.50
0.51
0.51
0.51
0.51
0.50
0.49
0.48
0.47
0.45
0.43
0.40
0.37
0.35
0.31
0.28
0.24
0.21
0.17
0.13
0.09
0.05
0.01
-0.03
-0.07
-0.11
-0.15
-0.18
-0.22
-0.25
-0.28
-0.30
-0.33
-0.35
-0.37
-0.39
-0.40
-0.42
-0.43
-0.44
-0.45
-0.45
-0.46
-0.46
-0.46
-0.46
-0.45
-0.45
-0.44
-0.44
-0.43
-0.42
-0.41
-0.39
-0.38
-0.36
-0.35
-0.33
-0.31
-0.29
-0.27
-0.25
-0.23
-0.20
-0.18
-0.15
-0.13
-0.10
-0.07
-0.05
-0.02
0.01
0.04
0.07
0.10
0.13
0.16
0.20
0.23
0.26
0.29
0.32
0.36
0.39
0.42
0.45
0.49
0.55
0.59
0.62
0.65
0.68
0.72
0.75
0.78
0.82
0.85
0.88
0.92
0.95
0.99
1.02
1.05
1.09
1.12
1.16
1.19
1.23
1.26
1.30
1.34
1.37
1.41
1.44
1.48
1.52
1.56
1.59
1.63
1.67
1.71
1.75
1.79
1.83
1.87
1.91
1.96
2.00
2.04
2.08
2.13
2.17
2.22
2.27
2.32
2.36
2.41
2.46
2.52
2.57
2.62
2.68
2.73
2.79
2.85
2.91
2.97
3.03
3.09
3.16
3.22
3.28
3.34
3.40
3.47
3.52
3.58
3.64
3.70
3.75
3.81
3.86
3.91
3.97
4.02
4.07
4.12
4.17
4.21
4.26
4.31
4.36
4.41
4.45
4.50
4.55
4.59
4.64
4.69
4.74
4.78
4.83
4.88
4.93
4.98
5.02
5.07
5.12
5.17
5.23
5.28
5.33
5.39
5.44
5.50
5.56
5.62
5.69
5.75
5.82
5.89
5.96
6.03
6.11
6.19
6.27
6.35
6.42
6.50
6.58
6.66
6.73
6.80
6.87
6.94
7.01
7.07
7.14
7.20
7.25
7.31
7.37
7.42
7.47
7.52
7.57
7.62
7.67
7.71
7.76
7.80
7.84
7.88
7.92
7.96
7.99
8.02
8.06
8.09
8.12
8.14
8.17
8.19
8.21
8.23
8.24
8.26
8.27
8.28
8.28
8.29
8.29
8.28
8.28
8.27
8.26
8.24
8.22
8.20
8.18
8.15
8.12
8.09
8.05
8.01
7.96
7.91
7.86
7.81
7.74
7.68
7.61
7.54
7.46
7.37
7.28
7.18
7.08
6.96
6.84
6.70
6.55
6.40
6.24
6.08
5.93
5.79
5.66
5.54
5.43
5.33
5.24
5.15
5.07
5.00
4.93
4.86
4.80
4.75
4.69
4.65
4.60
4.56
4.53
4.49
4.47
4.44
4.42
4.40
4.39
4.38
4.37
4.36
4.36
4.37
4.37
4.38
4.39
4.41
4.42
4.44
4.47
4.49
4.52
4.55
4.58
4.62
4.65
4.69
4.74
4.78
4.83
4.87
4.92
4.98
5.03
5.09
5.15
5.21
5.27
5.34
5.41
5.48
5.55
5.63
5.71
5.80
5.89
5.98
6.07
6.17
6.26
6.36
6.46
6.55
6.64
6.72
6.81
6.88
6.96
7.03
7.10
7.16
7.23
7.29
7.35
7.41
7.46
7.52
7.57
7.63
7.68
7.73
7.78
7.83
7.88
7.93
7.98
8.02
8.07
8.12
8.17
8.21
8.26
8.31
8.36
8.40
8.45
8.50
8.55
8.60
8.65
8.70
8.75
8.80
8.85
8.90
8.96
9.01
9.07
9.12
9.18
9.24
9.30
9.36
9.41
9.47
9.53
9.59
9.64
9.70
9.75
9.81
9.86
9.91
9.96
10.01
10.06
10.11
10.15
10.20
10.24
10.29
10.33
10.37
10.41
10.45
10.49
10.53
10.57
10.60
10.64
10.67
10.71
10.74
10.78
10.81
10.84
10.88
10.91
10.94
10.97
11.00
11.03
11.05
11.08
11.11
11.14
11.16
11.19
11.21
11.24
11.26
11.28
11.30
11.33
11.35
11.37
11.39
11.41
11.42
11.44
11.46
11.48
11.49
11.51
11.52
11.54
11.55
11.56
11.57
11.58
11.59
11.60
11.61
11.62
11.63
11.64
11.64
11.65
11.66
11.66
11.66
11.67
11.67
11.67
11.68
11.68
11.68
11.68
11.68
11.68
11.68
11.68
11.67
11.67
11.67
11.67
11.66
11.66
11.66
11.66
11.65
11.65
11.65
11.64
11.64
11.64
11.63
11.63
11.63
11.62
11.62
11.62
11.62
11.62
11.62
11.62
11.62
11.62
11.62
11.62
11.62
11.63
11.63
11.64
11.64
11.65
11.66
11.67
11.68
11.69
11.71
11.72
11.74
11.76
11.78
11.80
11.83
11.85
11.88
11.91
11.94
11.97
12.01
12.05
12.09
12.13
12.18
12.23
12.28
12.33
12.38
12.44
12.50
12.55
12.61
12.66
12.71
12.77
12.81
12.86
12.90
12.94
12.98
13.01
13.04
13.06
13.08
13.10
13.11
13.12
13.13
13.13
13.13
13.12
13.11
13.10
13.08
13.05
13.03
13.00
12.96
12.92
12.88
12.84
12.79
12.74
12.68
12.63
12.57
12.52
12.46
12.41
12.36
12.31
12.26
12.22
12.18
12.15
12.12
12.09
12.07
12.05
12.03
12.02
12.01
12.01
12.01
12.02
12.02
12.04
12.05
12.07
12.09
12.12
12.15
12.18
12.22
12.26
12.30
12.35
12.40
12.45
12.50
12.55
12.60
12.66
12.71
12.76
12.81
12.86
12.91
12.96
13.00
13.05
13.09
13.12
13.16
13.19
13.22
13.25
13.28
13.31
13.33
13.36
13.38
13.40
13.42
13.44
13.45
13.47
13.48
13.50
13.51
13.52
13.53
13.54
13.55
13.56
13.57
13.58
13.58
13.59
13.59
13.60
13.60
13.61
13.61
13.62
13.62
13.63
13.63
13.63
13.64
13.64
13.64
13.65
13.65
13.65
13.66
13.66
13.67
13.67
13.68
13.68
13.69
13.69
13.70
13.70
13.71
13.72
13.73
13.73
13.74
13.75
13.76
13.77
13.78
13.79
13.80
13.81
13.83
13.84
13.85
13.87
13.88
13.89
13.91
13.93
13.94
13.96
14.00
14.01
14.03
14.05
14.07
14.09
14.12
14.14
14.16
14.18
14.21
14.23
14.26
14.28
14.31
14.34
14.36
14.39
14.42
14.45
14.48
14.51
14.54
14.57
14.61
14.64
14.67
14.71
14.74
14.78
14.81
14.85
14.89
14.93
14.97
15.01
15.05
15.10
15.14
15.18
15.23
15.28
15.32
15.37
15.42
15.47
15.53
15.58
15.63
15.68
15.74
15.79
15.84
15.89
15.95
16.00
16.05
16.10
16.15
16.20
16.25
16.29
16.34
16.38
16.43
16.47
16.51
16.56
16.60
16.64
16.68
16.72
16.76
16.80
16.84
16.88
16.91
16.95
16.99
17.03
17.06
17.10
17.13
17.17
17.21
17.24
17.28
17.31
17.35
17.39
17.42
17.46
17.49
17.53
17.56
17.60
17.64
17.67
17.71
17.75
17.79
17.83
17.86
17.90
17.94
17.98
18.03
18.07
18.11
18.16
18.20
18.25
18.30
18.35
18.40
18.45
18.51
18.56
18.62
18.68
18.74
18.80
18.87
18.93
18.99
19.05
19.12
19.18
19.24
19.30
19.35
19.41
19.46
19.52
19.57
19.62
19.66
19.71
19.75
19.80
19.84
19.88
19.92
19.95
19.99
20.02
20.05
20.08
20.11
20.14
20.16
20.18
20.20
20.22
20.24
20.25
20.26
20.27
20.28
20.28
20.29
20.29
20.28
20.28
20.27
20.26
20.24
20.23
20.18
20.15
20.12
20.09
20.05
20.01
19.96
19.91
19.86
19.80
19.74
19.67
19.59
19.51
19.43
19.33
19.23
19.12
19.01
18.89
18.77
18.66
18.55
18.44
18.34
18.25
18.17
18.10
18.03
17.96
17.90
17.85
17.80
17.76
17.73
17.69
17.66
17.64
17.62
17.61
17.60
17.59
17.59
17.59
17.59
17.60
17.62
17.63
17.66
17.68
17.71
17.74
17.78
17.82
17.87
17.92
17.97
18.03
18.10
18.16
18.24
18.31
18.40
18.49
18.58
18.67
18.77
18.87
18.97
19.07
19.16
19.24
19.33
19.40
19.48
19.54
19.61
19.67
19.72
19.77
19.82
19.87
19.91
19.95
19.99
20.03
20.06
20.09
20.12
20.15
20.17
20.20
20.22
20.24
20.26
20.28
20.30
20.31
20.33
20.34
20.36
20.37
20.38
20.39
20.40
20.41
20.41
20.42
20.43
20.43
20.44
20.44
20.45
20.45
20.45
20.46
20.46
20.46
20.46
20.46
20.47
20.47
20.47
20.47
20.47
20.47
20.47
20.47
20.47
20.47
20.47
20.48
20.48
20.48
20.48
20.48
20.48
20.48
20.49
20.49
20.49
20.49
20.50
20.50
20.50
20.51
20.51
20.52
20.52
20.53
20.54
20.54
20.55
20.56
20.56
20.57
20.58
20.59
20.60
20.61
20.62
20.63
20.64
20.65
20.67
20.68
20.69
20.71
20.72
20.74
20.75
20.77
20.78
20.80
20.82
20.84
20.86
20.88
20.90
20.92
20.94
20.96
20.98
21.00
21.03
21.05
21.08
21.10
21.13
21.15
21.18
21.21
21.24
21.27
21.30
21.33
21.36
21.39
21.42
21.46
21.49
21.52
21.56
21.60
21.63
21.67
21.71
21.75
21.78
21.82
21.86
21.90
21.94
21.98
22.02
22.06
22.10
22.14
22.18
22.22
22.26
22.30
22.33
22.37
22.40
22.44
22.47
22.50
22.54
22.57
22.60
22.63
22.66
22.69
22.71
22.74
22.76
22.79
22.81
22.84
22.86
22.88
22.90
22.92
22.94
22.96
22.98
23.00
23.01
23.03
23.05
23.06
23.07
23.09
23.10
23.11
23.12
23.13
23.14
23.15
23.16
23.16
23.17
23.18
23.18
23.18
23.19
23.19
23.19
23.19
23.19
23.19
23.19
23.19
23.19
23.18
23.18
23.17
23.17
23.16
23.15
23.15
23.14
23.13
23.12
23.11
23.10
23.08
23.07
23.06
23.04
23.03
23.01
22.99
22.98
22.96
22.94
22.92
22.90
22.88
22.86
22.84
22.82
22.79
22.77
22.74
22.72
22.69
22.67
22.64
22.61
22.58
22.55
22.52
22.49
22.46
22.43
22.40
22.36
22.33
22.30
22.26
22.23
22.19
22.16
22.12
22.08
22.05
22.01
21.97
21.94
21.90
21.86
21.82
21.79
21.75
21.71
21.67
21.64
21.60
21.56
21.53
21.49
21.45
21.42
21.38
21.34
21.31
21.27
21.23
21.19
21.15
21.12
21.08
21.04
21.00
20.96
20.92
20.88
20.83
20.79
20.75
20.70
20.66
20.61
20.56
20.51
20.46
20.41
20.35
20.30
20.24
20.18
20.11
20.05
19.98
19.91
19.83
19.75
19.67
19.58
19.48
19.38
19.27
19.16
19.04
18.91
18.78
18.66
18.54
18.42
18.31
18.20
18.11
18.02
17.93
17.85
17.77
17.70
17.63
17.57
17.51
17.45
17.40
17.35
17.31
17.26
17.23
17.19
17.16
17.13
17.10
17.08
17.07
17.05
17.04
17.03
17.03
17.03
17.04
17.05
17.06
17.07
17.09
17.12
17.15
17.18
17.22
17.26
17.30
17.35
17.40
17.46
17.52
17.58
17.66
17.73
17.81
17.90
18.00
18.10
18.21
18.33
18.46
18.60
18.75
18.90
19.05
19.19
19.33
19.45
19.57
19.68
19.78
19.87
19.96
20.04
20.12
20.19
20.26
20.33
20.39
20.45
20.51
20.56
20.61
20.66
20.75
20.79
20.83
20.87
20.90
20.94
20.97
21.00
21.02
21.05
21.07
21.09
21.11
21.13
21.15
21.17
21.18
21.19
21.20
21.21
21.22
21.23
21.24
21.24
21.25
21.25
21.25
21.26
21.26
21.26
21.26
21.25
21.25
21.25
21.25
21.24
21.24
21.24
21.23
21.23
21.22
21.22
21.21
21.21
21.20
21.19
21.19
21.18
21.18
21.17
21.17
21.16
21.15
21.15
21.14
21.14
21.13
21.13
21.12
21.12
21.12
21.11
21.11
21.11
21.10
21.10
21.10
21.10
21.10
21.10
21.10
21.10
21.10
21.10
21.10
21.10
21.10
21.11
21.11
21.11
21.12
21.12
21.13
21.14
21.14
21.15
21.16
21.17
21.18
21.19
21.20
21.21
21.22
21.23
21.24
21.25
21.27
21.28
21.30
21.31
21.33
21.35
21.36
21.38
21.40
21.42
21.44
21.46
21.48
21.50
21.52
21.55
21.57
21.59
21.62
21.64
21.67
21.69
21.72
21.75
21.77
21.80
21.83
21.86
21.89
21.92
21.94
21.97
22.00
22.03
22.06
22.09
22.12
22.15
22.18
22.20
22.23
22.26
22.29
22.31
22.34
22.36
22.39
22.41
22.44
22.46
22.48
22.51
22.53
22.55
22.57
22.59
22.61
22.63
22.64
22.66
22.68
22.69
22.71
22.72
22.74
22.75
22.76
22.78
22.79
22.80
22.81
22.82
22.83
22.84
22.84
22.85
22.86
22.86
22.87
22.87
22.88
22.88
22.88
22.88
22.88
22.88
22.88
22.88
22.88
22.88
22.88
22.87
22.87
22.86
22.86
22.85
22.84
22.84
22.83
22.82
22.81
22.80
22.79
22.78
22.76
22.75
22.74
22.72
22.71
22.69
22.68
22.66
22.64
22.62
22.60
22.58
22.56
22.54
22.52
22.50
22.48
22.45
22.43
22.41
22.38
22.36
22.33
22.30
22.27
22.25
22.22
22.19
22.16
22.13
22.10
22.07
22.04
22.01
21.98
21.95
21.92
21.89
21.86
21.83
21.80
21.77
21.74
21.71
21.68
21.65
21.63
21.60
21.57
21.54
21.52
21.49
21.47
21.44
21.42
21.39
21.37
21.34
21.32
21.30
21.27
21.25
21.23
21.21
21.18
21.16
21.14
21.12
21.10
21.08
21.06
21.04
21.02
21.00
20.98
20.96
20.94
20.92
20.90
20.88
20.86
20.84
20.82
20.80
20.78
20.76
20.74
20.72
20.70
20.67
20.65
20.63
20.61
20.58
20.56
20.54
20.51
20.49
20.46
20.44
20.41
20.38
20.35
20.32
20.29
20.26
20.23
20.19
20.16
20.12
20.08
20.04
20.00
19.91
19.87
19.82
19.77
19.71
19.65
19.59
19.53
19.46
19.39
19.32
19.24
19.15
19.07
18.98
18.88
18.79
18.69
18.60
18.51
18.43
18.35
18.27
18.19
18.13
18.06
18.00
17.94
17.89
17.84
17.79
17.75
17.71
17.68
17.64
17.61
17.59
17.56
17.54
17.53
17.52
17.51
17.50
17.50
17.50
17.51
17.52
17.53
17.55
17.57
17.60
17.63
17.66
17.70
17.74
17.79
17.84
17.90
17.96
18.03
18.10
18.18
18.27
18.36
18.47
18.58
18.69
18.81
18.93
19.05
19.16
19.27
19.37
19.46
19.55
19.63
19.70
19.77
19.83
19.89
19.94
19.99
20.03
20.07
20.11
20.14
20.17
20.19
20.21
20.23
20.24
20.25
20.26
20.27
20.27
20.27
20.26
20.26
20.25
20.23
20.22
20.20
20.18
20.16
20.14
20.11
20.08
20.05
20.01
19.98
19.94
19.90
19.86
19.81
19.77
19.72
19.67
19.61
19.56
19.50
19.44
19.38
19.31
19.24
19.17
19.10
19.03
18.96
18.88
18.81
18.74
18.67
18.60
18.53
18.47
18.41
18.35
18.29
18.24
18.18
18.13
18.08
18.04
17.99
17.94
17.90
17.86
17.82
17.78
17.74
17.70
17.66
17.63
17.59
17.55
17.52
17.48
17.45
17.41
17.38
17.35
17.31
17.28
17.25
17.21
17.18
17.15
17.12
17.08
17.05
17.02
16.98
16.95
16.92
16.88
16.85
16.81
16.78
16.74
16.71
16.67
16.64
16.60
16.57
16.53
16.49
16.45
16.41
16.38
16.34
16.29
16.25
16.21
16.17
16.13
16.08
16.04
15.99
15.95
15.90
15.86
15.81
15.77
15.72
15.67
15.63
15.58
15.54
15.49
15.45
15.40
15.36
15.32
15.28
15.24
15.20
15.16
15.13
15.09
15.05
15.02
14.98
14.95
14.92
14.89
14.86
14.83
14.80
14.77
14.74
14.71
14.69
14.66
14.63
14.61
14.59
14.56
14.54
14.52
14.49
14.47
14.45
14.43
14.41
14.39
14.37
14.36
14.34
14.32
14.30
14.29
14.27
14.26
14.24
14.23
14.21
14.20
14.19
14.17
14.16
14.15
14.14
14.12
14.11
14.10
14.09
14.08
14.07
14.06
14.05
14.04
14.03
14.02
14.01
14.00
13.99
13.98
13.97
13.96
13.96
13.95
13.94
13.93
13.92
13.91
13.89
13.88
13.87
13.86
13.85
13.83
13.82
13.81
13.79
13.78
13.76
13.74
13.73
13.71
13.69
13.67
13.65
13.62
13.60
13.58
13.55
13.52
13.49
13.46
13.43
13.39
13.36
13.32
13.28
13.24
13.19
13.14
13.09
13.04
12.99
12.93
12.87
12.81
12.75
12.68
12.62
12.55
12.49
12.43
12.37
12.31
12.25
12.20
12.15
12.11
12.07
12.03
12.00
11.97
11.94
11.92
11.90
11.88
11.87
11.87
11.86
11.86
11.87
11.87
11.88
11.90
11.92
11.94
11.97
12.01
12.04
12.08
12.13
12.18
12.23
12.29
12.35
12.41
12.48
12.55
12.62
12.68
12.75
12.81
12.87
12.93
12.98
13.02
13.07
13.11
13.14
13.17
13.20
13.22
13.23
13.25
13.26
13.26
13.26
13.26
13.26
13.25
13.23
13.22
13.19
13.17
13.14
13.11
13.07
13.03
12.99
12.94
12.89
12.84
12.78
12.72
12.66
12.60
12.53
12.47
12.41
12.34
12.28
12.22
12.17
12.11
12.06
12.01
11.97
11.92
11.88
11.84
11.80
11.77
11.73
11.70
11.67
11.64
11.61
11.59
11.57
11.54
11.52
11.50
11.48
11.46
11.45
11.43
11.41
11.40
11.38
11.37
11.36
11.35
11.34
11.32
11.31
11.30
11.29
11.29
11.28
11.27
11.26
11.25
11.24
11.24
11.23
11.22
11.21
11.20
11.20
11.19
11.18
11.17
11.16
11.16
11.15
11.14
11.13
11.12
11.11
11.10
11.09
11.08
11.07
11.06
11.05
11.04
11.02
11.01
11.00
10.98
10.97
10.96
10.94
10.93
10.91
10.89
10.88
10.86
10.84
10.82
10.81
10.79
10.77
10.75
10.72
10.70
10.68
10.66
10.63
10.61
10.59
10.56
10.54
10.51
10.48
10.45
10.43
10.40
10.37
10.34
10.31
10.27
10.24
10.21
10.17
10.14
10.10
10.07
10.03
9.99
9.95
9.91
9.87
9.83
9.79
9.74
9.70
9.66
9.61
9.56
9.52
9.47
9.42
9.37
9.33
9.28
9.23
9.19
9.14
9.09
9.05
9.00
8.96
8.91
8.87
8.83
8.79
8.75
8.71
8.67
8.63
8.59
8.55
8.51
8.47
8.43
8.39
8.36
8.32
8.28
8.24
8.21
8.17
8.13
8.09
8.06
8.02
7.98
7.94
7.90
7.86
7.83
7.79
7.75
7.70
7.66
7.62
7.58
7.53
7.49
7.44
7.40
7.35
7.30
7.25
7.19
7.14
7.08
7.02
6.96
6.90
6.83
6.76
6.68
6.61
6.53
6.45
6.36
6.27
6.19
6.10
6.02
5.93
5.85
5.78
5.70
5.63
5.56
5.50
5.44
5.38
5.32
5.27
5.22
5.17
5.12
5.08
5.04
5.00
4.96
4.93
4.90
4.87
4.84
4.82
4.79
4.77
4.76
4.74
4.73
4.73
4.72
4.72
4.72
4.72
4.73
4.74
4.76
4.77
4.79
4.82
4.85
4.88
4.91
4.95
5.00
5.04
5.09
5.15
5.21
5.28
5.35
5.43
5.51
5.60
5.70
5.80
5.92
6.04
6.17
6.30
6.43
6.56
6.67
6.79
6.89
6.99
7.07
7.16
7.23
7.30
7.36
7.42
7.48
7.53
7.57
7.62
7.65
7.69
7.72
7.75
7.77
7.79
7.80
7.82
7.83
7.83
7.84
7.84
7.83
7.83
7.82
7.81
7.79
7.77
7.75
7.73
7.71
7.68
7.65
7.62
7.58
7.54
7.50
7.46
7.42
7.37
7.32
7.27
7.22
7.16
7.10
7.04
6.97
6.91
6.83
6.76
6.68
6.60
6.52
6.44
6.35
6.27
6.19
6.10
6.02
5.95
5.87
5.80
5.73
5.67
5.61
5.55
5.49
5.44
5.38
5.33
5.28
5.24
5.19
5.14
5.10
5.06
5.01
4.97
4.93
4.89
4.85
4.81
4.78
4.74
4.70
4.66
4.63
4.59
4.56
4.52
4.48
4.45
4.41
4.38
4.34
4.31
4.27
4.23
4.20
4.16
4.13
4.09
4.05
4.02
3.98
3.94
3.90
3.86
3.82
3.78
3.74
3.70
3.66
3.62
3.58
3.53
3.49
3.45
3.40
3.36
3.31
3.27
3.22
3.18
3.13
3.08
3.04
2.99
2.95
2.91
2.86
2.82
2.78
2.74
2.70
2.66
2.62
2.59
2.55
2.51
2.48
2.45
2.41
2.38
2.35
2.32
2.29
2.26
2.23
2.20
2.17
2.15
2.12
2.09
2.07
2.04
2.02
2.00
1.97
1.95
1.93
1.91
1.88
1.86
1.84
1.82
1.80
1.79
1.77
1.75
1.73
1.71
1.70
1.68
1.66
1.65
1.63
1.62
1.60
1.59
1.57
1.56
1.54
1.53
1.51
1.50
1.48
1.47
1.46
1.44
1.43
1.42
1.40
1.39
1.37
1.36
1.34
1.33
1.31
1.30
1.28
1.27
1.25
1.23
1.22
1.20
1.18
1.16
1.14
1.12
1.10
1.08
1.05
1.03
1.00
0.98
0.95
0.92
0.89
0.86
0.83
0.79
0.76
0.72
0.68
0.64
0.59
0.55
0.50
0.45
0.40
0.35
0.29
0.24
0.18
0.12
0.06
-0.00
-0.06
-0.12
-0.17
-0.23
-0.28
-0.33
-0.37
-0.42
-0.46
-0.49
-0.52
-0.55
-0.58
-0.60
-0.62
-0.64
-0.65
-0.66
-0.66
-0.66
-0.66
-0.65
-0.65
-0.63
-0.61
-0.59
-0.57
-0.54
-0.51
-0.47
-0.43
-0.39
-0.34
-0.28
-0.23
-0.17
-0.11
-0.05
0.02
0.08
0.14
0.20
0.26
0.31
0.36
0.41
0.45
0.49
0.53
0.56
0.58
0.60
0.62
0.64
0.65
0.65
0.66
0.66
0.65
0.64
0.63
0.61
0.59
0.57
0.54
0.51
0.48
0.44
0.40
0.35
0.30
0.25
0.20
0.14
0.08
0.02
-0.04
-0.10
-0.16
-0.22
-0.28
-0.34
-0.39
-0.44
-0.49
-0.54
-0.58
-0.62
-0.66
-0.70
-0.73
-0.76
-0.79
-0.82
-0.85
-0.88
-0.90
-0.92
-0.94
-0.96
-0.98
-1.00
-1.01
-1.03
-1.04
-1.05
-1.06
-1.07
-1.08
-1.09
-1.10
-1.11
-1.11
-1.12
-1.13
-1.13
-1.14
-1.14
-1.14
-1.15
-1.15
-1.16
-1.16
-1.16
-1.16
-1.17
-1.17
-1.17
-1.18
-1.18
-1.18
-1.18
-1.19
-1.19
-1.19
-1.20
-1.20
-1.21
-1.21
-1.22
-1.22
-1.23
-1.23
-1.24
-1.25
-1.25
-1.26
-1.27
-1.28
-1.29
-1.30
-1.31
-1.32
-1.33
-1.34
-1.35
-1.37
-1.38
-1.39
-1.41
-1.42
-1.44
-1.46
-1.47
-1.49
-1.51
-1.53
-1.55
-1.57
-1.59
-1.61
-1.63
-1.65
-1.67
-1.70
-1.72
-1.74
-1.77
-1.79
-1.82
-1.85
-1.87
-1.90
-1.93
-1.96
-1.99
-2.02
-2.05
-2.08
-2.11
-2.15
-2.18
-2.21
-2.25
-2.28
-2.32
-2.36
-2.39
-2.43
-2.47
-2.51
-2.55
-2.60
-2.64
-2.68
-2.73
-2.77
-2.82
-2.86
-2.91
-2.96
-3.01
-3.05
-3.10
-3.15
-3.20
-3.25
-3.30
-3.35
-3.40
-3.45
-3.50
-3.55
-3.60
-3.64
-3.69
-3.74
-3.79
-3.83
-3.88
-3.93
-3.98
-4.02
-4.07
-4.12
-4.17
-4.22
-4.27
-4.32
-4.37
-4.42
-4.47
-4.53
-4.58
-4.64
-4.69
-4.75
-4.81
-4.88
-4.94
-5.01
-5.08
-5.15
-5.22
-5.30
-5.39
-5.48
-5.57
-5.67
-5.77
-5.89
-6.01
-6.13
-6.26
-6.39
-6.52
-6.64
-6.76
-6.87
-6.97
-7.07
-7.16
-7.25
-7.33
-7.41
-7.48
-7.55
-7.62
-7.68
-7.74
-7.80
-7.85
-7.90
-7.95
-8.00
-8.04
-8.08
-8.11
-8.14
-8.17
-8.20
-8.22
-8.24
-8.26
-8.27
-8.28
-8.29
-8.29
-8.29
-8.29
-8.28
-8.27
-8.25
-8.23
-8.21
-8.19
-8.16
-8.13
-8.09
-8.05
-8.01
-7.96
-7.91
-7.86
-7.80
-7.74
-7.68
-7.61
-7.53
-7.45
-7.37
-7.28
-7.19
-7.08
-6.97
-6.85
-6.73
-6.59
-6.44
-6.29
-6.13
-5.98
-5.84
-5.71
-5.59
-5.48
-5.37
-5.27
-5.18
-5.09
-5.01
-4.93
-4.85
-4.78
-4.71
-4.64
-4.58
-4.51
-4.45
-4.39
-4.34
-4.28
-4.23
-4.18
-4.13
-4.08
-4.03
-3.98
-3.94
-3.89
-3.85
-3.80
-3.76
-3.72
-3.68
-3.64
-3.60
-3.56
-3.52
-3.48
-3.45
-3.41
-3.37
-3.33
-3.29
-3.26
-3.22
-3.18
-3.14
-3.10
-3.06
-3.02
-2.99
-2.95
-2.91
-2.87
-2.83
-2.79
-2.74
-2.70
-2.66
-2.62
-2.58
-2.54
-2.50
-2.46
-2.42
-2.38
-2.34
-2.30
-2.26
-2.22
-2.18
-2.14
-2.10
-2.06
-2.02
-1.98
-1.95
-1.91
-1.87
-1.83
-1.79
-1.75
-1.71
-1.67
-1.63
-1.59
-1.55
-1.51
-1.47
-1.43
-1.39
-1.35
-1.31
-1.27
-1.23
-1.18
-1.14
-1.10
-1.06
-1.01
-0.97
-0.92
-0.87
-0.83
-0.78
-0.73
-0.68
-0.62
-0.57
-0.52
-0.46
-0.40
-0.34
-0.28
-0.21
-0.15
-0.08
-0.02
0.05
0.12
0.19
0.25
0.32
0.39
0.45
0.51
0.57
0.64
0.69
0.75
0.81
0.86
0.92
0.97
1.02
1.07
1.12
1.17
1.21
1.26
1.31
1.35
1.39
1.43
1.48
1.52
1.55
1.59
1.63
1.67
1.70
1.73
1.77
1.80
1.83
1.86
1.88
1.91
1.93
1.95
1.97
1.99
2.01
2.02
2.04
2.05
2.06
2.06
2.07
2.07
2.07
2.06
2.06
2.05
2.04
2.02
2.01
1.99
1.97
1.94
1.91
1.88
1.85
1.81
1.77
1.73
1.68
1.63
1.58
1.52
1.46
1.40
1.33
1.26
1.18
1.10
1.01
0.92
0.81
0.70
0.59
0.46
0.32
0.17
0.02
-0.13
-0.28
-0.42
-0.55
-0.67
-0.79
-0.89
-0.98
-1.07
-1.16
-1.24
-1.31
-1.38
-1.44
-1.50
-1.56
-1.61
-1.66
-1.71
-1.75
-1.79
-1.83
-1.87
-1.90
-1.93
-1.95
-1.97
-1.99
-2.01
-2.03
-2.04
-2.05
-2.05
-2.06
-2.06
-2.06
-2.05
-2.05
-2.04
-2.03
-2.02
-2.01
-1.99
-1.97
-1.95
-1.93
-1.91
-1.89
-1.86
-1.83
-1.80
-1.77
-1.74
-1.71
-1.68
-1.64
-1.61
-1.57
-1.54
-1.50
-1.46
-1.42
-1.38
-1.33
-1.29
-1.25
-1.20
-1.16
-1.11
-1.06
-1.02
-0.97
-0.92
-0.86
-0.81
-0.76
-0.70
-0.65
-0.59
-0.53
-0.48
-0.42
-0.35
-0.29
-0.23
-0.17
-0.10
-0.04
0.02
0.08
0.14
0.20
0.26
0.32
0.37
0.43
0.48
0.53
0.58
0.63
0.68
0.72
0.77
0.81
0.86
0.90
0.94
0.98
1.02
1.06
1.10
1.14
1.18
1.22
1.26
1.30
1.33
1.37
1.41
1.44
1.48
1.52
1.55
1.59
1.63
1.66
1.70
1.73
1.77
1.80
1.84
1.87
1.91
1.94
1.98
2.01
2.05
2.08
2.12
2.15
2.18
2.22
2.25
2.28
2.32
2.35
2.38
2.42
2.45
2.48
2.51
2.54
2.57
2.60
2.63
2.66
2.69
2.72
2.74
2.77
2.79
2.82
2.84
2.87
2.89
2.91
2.93
2.95
2.97
2.99
3.01
3.03
3.04
3.06
3.07
3.09
3.10
3.12
3.13
3.15
3.16
3.17
3.19
3.20
3.21
3.23
3.24
3.26
3.27
3.29
3.30
3.32
3.34
3.36
3.38
3.40
3.42
3.45
3.47
3.50
3.53
3.56
3.59
3.62
3.66
3.70
3.74
3.78
3.83
3.87
3.92
3.97
4.03
4.08
4.14
4.20
4.26
4.33
4.40
4.47
4.54
4.62
4.70
4.78
4.86
4.95
5.05
5.15
5.26
5.37
5.49
5.63
5.77
5.92
6.09
6.26
6.44
6.61
6.77
6.91
7.05
7.17
7.29
7.40
7.51
7.61
7.70
7.80
7.88
7.97
8.05
8.13
8.21
8.29
8.37
8.44
8.52
8.59
8.67
8.74
8.81
8.89
8.96
9.04
9.11
9.19
9.27
9.34
9.42
9.50
9.58
9.65
9.73
9.81
9.88
9.96
10.03
10.18
10.26
10.33
10.41
10.48
10.56
10.63
10.71
10.79
10.87
10.95
11.03
11.12
11.21
11.30
11.39
11.49
11.60
11.70
11.82
11.95
12.08
12.22
12.37
12.53
12.69
12.85
12.99
13.13
13.26
13.39
13.50
13.61
13.72
13.82
13.91
14.01
14.10
14.19
14.28
14.36
14.45
14.53
14.62
14.70
14.78
14.87
14.95
15.04
15.12
15.21
15.30
15.39
15.48
15.58
15.67
15.76
15.86
15.95
16.05
16.14
16.23
16.32
16.41
16.50
16.58
16.67
16.76
16.85
16.94
17.03
17.12
17.22
17.32
17.42
17.53
17.64
17.76
17.89
18.02
18.16
18.32
18.49
18.68
18.87
19.06
19.24
19.41
19.57
19.71
19.84
19.97
20.08
20.19
20.30
20.40
20.50
20.60
20.69
20.78
20.87
20.96
21.04
21.13
21.21
21.30
21.38
21.47
21.55
21.64
21.72
21.81
21.90
21.98
22.07
22.16
22.24
22.33
22.41
22.50
22.58
22.66
22.75
22.83
22.91
23.00
23.08
23.17
23.25
23.34
23.43
23.52
23.61
23.71
23.81
23.92
24.03
24.14
24.26
24.39
24.53
24.69
24.85
25.02
25.19
25.36
25.53
25.68
25.82
25.95
26.07
26.19
26.29
26.40
26.50
26.59
26.68
26.77
26.86
26.95
27.03
27.11
27.20
27.28
27.36
27.44
27.52
27.61
27.69
27.78
27.86
27.95
28.04
28.13
28.22
28.31
28.40
28.49
28.57
28.66
28.74
28.83
28.91
28.99
29.07
29.15
29.22
29.30
29.38
29.46
29.53
29.61
29.69
29.77
29.86
29.94
30.03
30.11
30.21
30.30
30.40
30.50
30.61
30.73
30.85
30.98
31.12
31.26
31.41
31.56
31.71
31.84
31.97
32.09
32.20
32.30
32.40
32.50
32.58
32.67
32.75
32.83
32.90
32.98
33.05
33.11
33.18
33.24
33.30
33.36
33.42
33.53
33.59
33.64
33.69
33.74
33.79
33.83
33.88
33.92
33.96
34.00
34.03
34.07
34.10
34.13
34.16
34.19
34.22
34.24
34.27
34.29
34.31
34.33
34.35
34.36
34.38
34.39
34.41
34.42
34.43
34.44
34.45
34.46
34.47
34.48
34.49
34.50
34.51
34.52
34.52
34.53
34.54
34.55
34.56
34.56
34.57
34.58
34.59
34.60
34.61
34.62
34.63
34.64
34.65
34.66
34.67
34.68
34.70
34.71
34.73
34.74
34.76
34.78
34.80
34.81
34.83
34.85
34.88
34.90
34.92
34.94
34.97
34.99
35.02
35.05
35.08
35.10
35.13
35.16
35.19
35.22
35.25
35.28
35.32
35.35
35.38
35.41
35.45
35.48
35.55
35.58
35.62
35.65
35.69
35.72
35.76
35.79
35.83
35.87
35.90
35.94
35.98
36.01
36.05
36.09
36.12
36.16
36.20
36.24
36.28
36.32
36.36
36.40
36.44
36.48
36.53
36.57
36.61
36.66
36.70
36.75
36.80
36.84
36.89
36.95
37.00
37.05
37.11
37.17
37.23
37.29
37.35
37.42
37.49
37.55
37.63
37.70
37.77
37.84
37.91
37.99
38.06
38.12
38.19
38.26
38.32
38.38
38.44
38.50
38.56
38.62
38.67
38.72
38.77
38.82
38.87
38.92
38.97
39.02
39.06
39.10
39.15
39.19
39.23
39.27
39.31
39.34
39.38
39.41
39.45
39.48
39.51
39.54
39.57
39.59
39.62
39.64
39.66
39.68
39.70
39.72
39.73
39.75
39.76
39.77
39.77
39.78
39.78
39.78
39.78
39.77
39.76
39.75
39.74
39.72
39.71
39.68
39.66
39.63
39.61
39.57
39.54
39.50
39.46
39.42
39.37
39.32
39.27
39.21
39.15
39.09
39.02
38.95
38.88
38.80
38.71
38.62
38.52
38.42
38.30
38.18
38.05
37.91
37.76
37.61
37.47
37.33
37.20
37.08
36.97
36.86
36.76
36.67
36.59
36.51
36.43
36.36
36.29
36.23
36.17
36.11
36.06
36.01
35.96
35.91
35.87
35.83
35.79
35.75
35.72
35.69
35.66
35.63
35.61
35.58
35.56
35.54
35.53
35.51
35.50
35.49
35.48
35.47
35.47
35.46
35.46
35.46
35.46
35.47
35.47
35.48
35.48
35.49
35.50
35.51
35.52
35.53
35.55
35.56
35.57
35.59
35.61
35.62
35.64
35.66
35.68
35.70
35.71
35.73
35.75
35.77
35.80
35.82
35.84
35.86
35.88
35.90
35.92
35.94
35.96
35.99
36.01
36.03
36.05
36.07
36.09
36.11
36.13
36.15
36.17
36.19
36.21
36.23
36.25
36.26
36.28
36.30
36.32
36.33
36.35
36.36
36.38
36.39
36.41
36.42
36.43
36.45
36.46
36.47
36.48
36.49
36.50
36.51
36.52
36.53
36.54
36.54
36.55
36.55
36.56
36.56
36.57
36.57
36.57
36.58
36.58
36.58
36.58
36.58
36.58
36.58
36.58
36.58
36.57
36.57
36.57
36.56
36.56
36.56
36.55
36.55
36.54
36.54
36.53
36.52
36.52
36.51
36.51
36.50
36.49
36.49
36.48
36.47
36.47
36.46
36.46
36.45
36.44
36.44
36.43
36.43
36.43
36.42
36.42
36.42
36.42
36.41
36.41
36.41
36.41
36.42
36.42
36.42
36.43
36.43
36.44
36.45
36.46
36.47
36.48
36.49
36.51
36.52
36.54
36.56
36.58
36.60
36.63
36.66
36.69
36.72
36.75
36.79
36.82
36.87
36.91
36.96
37.01
37.06
37.12
