-0.00
0.00
0.00
0.00
0.00
0.00
0.00
0.00
0.00
0.00
0.00
0.00
0.00
0.00
0.00
0.00
0.00
0.00
0.00
0.00
0.00
0.00
0.00
0.00
0.00
0.00
0.00
0.00
0.00
0.00
0.00
0.00
0.00
-0.00
-0.00
-0.00
-0.00
-0.00
-0.00
-0.00
-0.00
-0.00
-0.00
-0.00
-0.00
-0.00
-0.00
-0.00
-0.00
-0.00
-0.00
-0.00
-0.00
-0.00
-0.00
-0.00
-0.00
-0.00
-0.00
-0.00
-0.00
-0.00
-0.00
-0.00
-0.00
-0.00
-0.00
-0.00
-0.00
-0.00
-0.00
-0.00
-0.00
-0.00
-0.00
-0.00
-0.00
-0.00
-0.00
-0.00
-0.00
-0.00
-0.00
-0.00
-0.00
-0.00
-0.00
-0.00
-0.00
-0.00
-0.00
-0.00
-0.00
-0.00
-0.00
-0.00
-0.00
-0.00
-0.00
-0.00
-0.00
-0.00
-0.00
-0.00
-0.00
-0.00
-0.00
-0.00
-0.00
-0.00
-0.00
-0.00
-0.00
-0.00
-0.00
-0.00
-0.00
-0.00
-0.00
-0.00
-0.00
-0.00
-0.00
-0.00
-0.00
-0.00
-0.00
-0.00
-0.00
-0.00
-0.00
-0.00
-0.00
-0.00
-0.00
-0.00
-0.00
-0.00
-0.00
-0.00
-0.00
-0.00
-0.00
-0.00
-0.00
-0.00
-0.00
-0.00
-0.00
-0.00
-0.00
-0.00
-0.00
-0.00
-0.00
-0.00
-0.00
-0.00
-0.00
-0.00
-0.00
-0.00
-0.00
-0.00
-0.00
-0.00
-0.00
-0.00
-0.00
-0.00
-0.00
-0.00
-0.00
-0.00
-0.00
-0.00
-0.00
-0.00
-0.00
-0.00
-0.00
-0.00
-0.00
-0.00
-0.00
-0.00
-0.00
-0.00
-0.00
-0.00
-0.00
-0.00
-0.00
-0.00
-0.00
-0.00
-0.00
-0.00
-0.00
-0.00
-0.00
-0.00
-0.00
-0.00
-0.00
-0.00
-0.00
-0.00
-0.00
-0.00
-0.00
-0.00
-0.00
-0.00
-0.00
-0.00
-0.00
-0.00
-0.00
-0.00
-0.00
-0.00
-0.00
-0.00
-0.00
-0.00
-0.00
-0.00
-0.00
-0.00
-0.00
-0.00
-0.00
-0.00
-0.00
-0.00
-0.00
-0.00
-0.00
-0.00
-0.00
-0.00
-0.00
-0.00
-0.00
-0.00
-0.00
-0.00
-0.00
-0.00
-0.00
-0.00
-0.00
-0.00
-0.00
-0.00
-0.00
-0.00
-0.00
-0.00
-0.00
-0.00
-0.00
-0.00
-0.00
-0.00
-0.00
-0.00
-0.00
-0.00
-0.00
-0.00
-0.00
-0.00
-0.00
-0.00
-0.00
-0.00
-0.00
-0.00
-0.00
-0.00
-0.00
-0.00
-0.00
-0.00
-0.00
-0.00
-0.00
-0.00
-0.00
-0.00
-0.00
-0.00
-0.00
-0.00
-0.00
-0.00
-0.00
-0.00
-0.00
-0.00
-0.00
-0.00
-0.00
-0.00
-0.00
-0.00
-0.00
-0.00
-0.00
-0.00
-0.00
-0.00
-0.00
-0.00
-0.00
-0.00
-0.00
-0.00
-0.00
-0.00
-0.00
-0.00
-0.00
-0.00
-0.00
-0.00
-0.00
-0.00
-0.00
-0.00
-0.00
-0.00
-0.00
-0.00
-0.00
-0.00
-0.00
-0.00
-0.00
-0.00
-0.00
-0.00
-0.00
-0.00
-0.00
-0.00
-0.00
-0.00
-0.00
-0.00
-0.00
-0.00
-0.01
-0.01
-0.01
-0.01
-0.01
-0.01
-0.01
-0.01
-0.01
-0.01
-0.01
-0.01
-0.01
-0.01
-0.01
-0.01
-0.01
-0.01
-0.01
-0.01
-0.01
-0.01
-0.02
-0.02
-0.02
-0.02
-0.02
-0.02
-0.02
-0.02
-0.02
-0.02
-0.03
-0.03
-0.03
-0.03
-0.03
-0.03
-0.03
-0.04
-0.04
-0.04
-0.04
-0.04
-0.05
-0.05
-0.05
-0.05
-0.06
-0.06
-0.06
-0.06
-0.07
-0.07
-0.08
-0.08
-0.08
-0.09
-0.09
-0.10
-0.10
-0.11
-0.11
-0.12
-0.12
-0.13
-0.14
-0.14
-0.15
-0.16
-0.17
-0.17
-0.18
-0.19
-0.20
-0.21
-0.22
-0.23
-0.24
-0.26
-0.27
-0.28
-0.29
-0.31
-0.32
-0.34
-0.35
-0.37
-0.39
-0.41
-0.42
-0.44
-0.46
-0.48
-0.51
-0.53
-0.55
-0.57
-0.60
-0.62
-0.65
-0.67
-0.70
-0.73
-0.76
-0.78
-0.81
-0.84
-0.87
-0.90
-0.94
-0.97
-1.00
-1.03
-1.07
-1.10
-1.14
-1.17
-1.21
-1.24
-1.28
-1.32
-1.35
-1.39
-1.43
-1.47
-1.51
-1.55
-1.59
-1.63
-1.67
-1.71
-1.75
-1.79
-1.84
-1.88
-1.92
-1.97
-2.01
-2.06
-2.10
-2.15
-2.20
-2.24
-2.29
-2.34
-2.39
-2.44
-2.49
-2.54
-2.60
-2.65
-2.70
-2.76
-2.81
-2.87
-2.93
-2.99
-3.05
-3.10
-3.16
-3.22
-3.28
-3.34
-3.40
-3.46
-3.52
-3.58
-3.64
-3.70
-3.76
-3.82
-3.87
-3.93
-3.99
-4.05
-4.11
-4.17
-4.23
-4.29
-4.35
-4.42
-4.48
-4.55
-4.61
-4.68
-4.75
-4.82
-4.90
-4.97
-5.05
-5.14
-5.22
-5.32
-5.41
-5.52
-5.62
-5.74
-5.87
-6.00
-6.14
-6.29
-6.43
-6.57
-6.71
-6.84
-6.96
-7.07
-7.17
-7.27
-7.37
-7.45
-7.54
-7.62
-7.69
-7.77
-7.84
-7.90
-7.96
-8.02
-8.08
-8.13
-8.18
-8.23
-8.27
-8.31
-8.35
-8.38
-8.41
-8.44
-8.46
-8.48
-8.49
-8.50
-8.51
-8.51
-8.51
-8.50
-8.49
-8.48
-8.46
-8.43
-8.41
-8.38
-8.34
-8.30
-8.26
-8.21
-8.16
-8.10
-8.04
-7.98
-7.92
-7.84
-7.77
-7.69
-7.60
-7.51
-7.42
-7.31
-7.20
-7.08
-6.95
-6.81
-6.65
-6.49
-6.31
-6.14
-5.96
-5.80
-5.66
-5.52
-5.39
-5.27
-5.16
-5.06
-4.96
-4.87
-4.78
-4.69
-4.61
-4.53
-4.45
-4.38
-4.30
-4.23
-4.16
-4.10
-4.03
-3.96
-3.90
-3.83
-3.77
-3.71
-3.65
-3.59
-3.52
-3.46
-3.40
-3.34
-3.28
-3.22
-3.15
-3.09
-3.03
-2.96
-2.90
-2.83
-2.77
-2.70
-2.64
-2.57
-2.50
-2.44
-2.37
-2.30
-2.23
-2.16
-2.09
-2.02
-1.95
-1.87
-1.80
-1.72
-1.64
-1.56
-1.48
-1.39
-1.30
-1.21
-1.11
-1.01
-0.90
-0.79
-0.66
-0.53
-0.39
-0.24
-0.08
0.08
0.24
0.39
0.54
0.67
0.80
0.92
1.03
1.13
1.24
1.33
1.43
1.52
1.61
1.69
1.78
1.86
1.94
2.02
2.09
2.17
2.25
2.32
2.40
2.47
2.54
2.62
2.69
2.76
2.84
2.91
2.98
3.05
3.13
3.20
3.27
3.35
3.42
3.50
3.57
3.65
3.72
3.80
3.88
3.96
4.04
4.12
4.21
4.29
4.38
4.47
4.57
4.67
4.77
4.87
4.98
5.10
5.23
5.36
5.50
5.66
5.83
6.02
6.21
6.41
6.61
6.79
6.95
7.10
7.24
7.36
7.48
7.59
7.70
7.80
7.90
7.99
8.08
8.17
8.26
8.34
8.43
8.51
8.59
8.67
8.75
8.82
8.90
8.98
9.06
9.14
9.22
9.29
9.37
9.45
9.53
9.60
9.68
9.75
9.83
9.90
9.97
10.04
10.11
10.18
10.25
10.32
10.39
10.46
10.53
10.60
10.67
10.75
10.82
10.89
10.97
11.04
11.12
11.20
11.28
11.36
11.45
11.54
11.63
11.73
11.84
11.94
12.06
12.18
12.31
12.44
12.57
12.70
12.83
12.95
13.07
13.17
13.27
13.37
13.46
13.54
13.62
13.70
13.77
13.84
13.91
13.97
14.03
14.09
14.14
14.19
14.24
14.29
14.34
14.38
14.42
14.46
14.49
14.53
14.56
14.58
14.61
14.63
14.65
14.66
14.67
14.68
14.69
14.69
14.69
14.68
14.67
14.66
14.64
14.62
14.60
14.57
14.54
14.51
14.47
14.43
14.39
14.34
14.28
14.23
14.17
14.10
14.03
13.96
13.88
13.80
13.71
13.61
13.51
13.40
13.28
13.15
13.01
12.86
12.71
12.54
12.38
12.23
12.08
11.95
11.83
11.71
11.61
11.51
11.42
11.33
11.25
11.18
11.11
11.04
10.97
10.91
10.85
10.79
10.74
10.69
10.64
10.59
10.54
10.50
10.46
10.42
10.38
10.34
10.31
10.27
10.24
10.21
10.18
10.15
10.13
10.10
10.07
10.05
10.03
10.01
9.98
9.96
9.94
9.93
9.91
9.89
9.87
9.86
9.84
9.83
9.81
9.80
9.78
9.77
9.76
9.74
9.73
9.72
9.71
9.69
9.68
9.67
9.66
9.65
9.64
9.63
9.62
9.60
9.59
9.58
9.57
9.56
9.55
9.54
9.53
9.52
9.51
9.50
9.49
9.48
9.47
9.46
9.45
9.44
9.43
9.42
9.41
9.40
9.39
9.38
9.37
9.36
9.35
9.34
9.33
9.32
9.31
9.30
9.29
9.28
9.27
9.26
9.25
9.24
9.23
9.22
9.20
9.19
9.18
9.17
9.16
9.14
9.13
9.12
9.10
9.09
9.08
9.06
9.05
9.03
9.02
9.00
8.98
8.97
8.95
8.93
8.91
8.89
8.87
8.85
8.82
8.80
8.78
8.75
8.72
8.70
8.67
8.64
8.60
8.57
8.54
8.50
8.46
8.42
8.38
8.34
8.30
8.25
8.20
8.15
8.10
8.04
7.99
7.93
7.86
7.80
7.73
7.65
7.58
7.50
7.41
7.32
7.22
7.11
7.00
6.88
6.74
6.60
6.44
6.28
6.12
5.97
5.82
5.69
5.57
5.45
5.34
5.25
5.15
5.07
4.99
4.91
4.84
4.77
4.71
4.65
4.60
4.55
4.50
4.46
4.42
4.38
4.35
4.32
4.29
4.27
4.25
4.24
4.23
4.22
4.21
4.21
4.22
4.22
4.23
4.24
4.25
4.27
4.29
4.31
4.34
4.37
4.40
4.43
4.47
4.51
4.55
4.59
4.64
4.68
4.73
4.79
4.84
4.90
4.96
5.02
5.09
5.16
5.23
5.31
5.39
5.47
5.56
5.65
5.75
5.86
5.97
6.09
6.22
6.34
6.47
6.59
6.71
6.82
6.92
7.02
7.12
7.21
7.30
7.38
7.46
7.54
7.62
7.69
7.77
7.84
7.91
7.98
8.04
8.11
8.17
8.24
8.30
8.37
8.43
8.50
8.56
8.62
8.69
8.75
8.82
8.88
8.95
9.02
9.08
9.15
9.22
9.29
9.36
9.43
9.50
9.57
9.64
9.71
9.79
9.86
9.93
10.00
10.07
10.15
10.22
10.29
10.37
10.44
10.52
10.60
10.68
10.77
10.85
10.94
11.03
11.13
11.23
11.33
11.44
11.56
11.69
11.83
11.97
12.14
12.31
12.50
12.69
12.87
13.04
13.20
13.35
13.48
13.60
13.72
13.83
13.93
14.03
14.13
14.22
14.30
14.39
14.47
14.55
14.63
14.70
14.77
14.85
14.92
14.99
15.05
15.12
15.19
15.25
15.32
15.38
15.44
15.50
15.57
15.63
15.69
15.75
15.81
15.87
15.93
15.99
16.05
16.11
16.17
16.23
16.29
16.35
16.40
16.46
16.52
16.58
16.64
16.70
16.76
16.82
16.88
16.94
17.01
17.07
17.13
17.20
17.26
17.33
17.40
17.46
17.53
17.61
17.68
17.76
17.84
17.92
18.00
18.09
18.18
18.28
18.37
18.48
18.59
18.70
18.81
18.92
19.03
19.13
19.24
19.33
19.42
19.51
19.59
19.67
19.74
19.81
19.88
19.95
20.01
20.07
20.13
20.18
20.24
20.29
20.34
20.38
20.43
20.48
20.52
20.56
20.60
20.64
20.67
20.71
20.74
20.77
20.80
20.83
20.86
20.88
20.90
20.92
20.94
20.95
20.96
20.97
20.98
20.99
20.99
20.99
20.98
20.98
20.97
20.96
20.94
20.92
20.90
20.88
20.85
20.82
20.79
20.75
20.72
20.67
20.63
20.58
20.53
20.47
20.41
20.35
20.28
20.21
20.14
20.06
19.97
19.88
19.79
19.68
19.57
19.45
19.32
19.18
19.03
18.88
18.72
18.57
18.43
18.30
18.18
18.07
17.96
17.87
17.78
17.69
17.61
17.54
17.47
17.40
17.33
17.27
17.21
17.16
17.11
17.06
17.01
16.96
16.92
16.87
16.83
16.79
16.76
16.72
16.69
16.65
16.62
16.59
16.56
16.54
16.51
16.49
16.46
16.44
16.42
16.40
16.38
16.36
16.34
16.32
16.31
16.29
16.27
16.26
16.25
16.23
16.22
16.21
16.20
16.18
16.17
16.16
16.15
16.14
16.13
16.12
16.11
16.10
16.10
16.09
16.08
16.07
16.06
16.06
16.05
16.04
16.03
16.03
16.02
16.01
16.01
16.00
15.99
15.99
15.98
15.97
15.97
15.96
15.95
15.95
15.94
15.94
15.93
15.92
15.92
15.91
15.91
15.90
15.90
15.89
15.89
15.88
15.88
15.87
15.87
15.86
15.86
15.85
15.85
15.84
15.84
15.84
15.83
15.83
15.83
15.82
15.82
15.82
15.82
15.81
15.81
15.81
15.81
15.81
15.81
15.81
15.80
15.80
15.80
15.80
15.81
15.81
15.81
15.81
15.81
15.81
15.82
15.82
15.82
15.83
15.83
15.84
15.84
15.85
15.85
15.86
15.87
15.87
15.88
15.89
15.90
15.91
15.92
15.93
15.94
15.95
15.97
15.98
15.99
16.01
16.03
16.04
16.06
16.08
16.10
16.13
16.15
16.17
16.20
16.23
16.26
16.29
16.32
16.35
16.39
16.42
16.46
16.50
16.54
16.59
16.64
16.68
16.73
16.79
16.84
16.90
16.96
17.02
17.09
17.15
17.22
17.30
17.38
17.46
17.54
17.63
17.73
17.83
17.94
18.06
18.19
18.33
18.48
18.64
18.80
18.97
19.14
19.29
19.43
19.57
19.69
19.80
19.90
20.00
20.09
20.18
20.26
20.34
20.42
20.49
20.56
20.62
20.69
20.75
20.80
20.86
20.91
20.96
21.01
21.06
21.11
21.15
21.20
21.24
21.28
21.31
21.35
21.39
21.42
21.45
21.48
21.52
21.54
21.57
21.60
21.63
21.65
21.68
21.70
21.72
21.74
21.77
21.79
21.81
21.83
21.85
21.86
21.88
21.90
21.92
21.93
21.95
21.96
21.98
21.99
22.01
22.02
22.04
22.05
22.06
22.07
22.09
22.10
22.11
22.12
22.13
22.14
22.15
22.16
22.16
22.17
22.18
22.19
22.19
22.20
22.20
22.21
22.21
22.22
22.22
22.22
22.22
22.23
22.23
22.23
22.23
22.23
22.23
22.23
22.23
22.22
22.22
22.22
22.21
22.21
22.20
22.20
22.19
22.19
22.18
22.17
22.17
22.16
22.15
22.14
22.13
22.12
22.11
22.10
22.09
22.08
22.06
22.05
22.04
22.03
22.01
22.00
21.98
21.97
21.95
21.94
21.92
21.90
21.89
21.87
21.85
21.83
21.81
21.79
21.77
21.75
21.73
21.71
21.68
21.66
21.63
21.61
21.58
21.55
21.52
21.49
21.46
21.43
21.39
21.36
21.32
21.28
21.24
21.20
21.16
21.11
21.07
21.02
20.97
20.92
20.86
20.81
20.75
20.69
20.62
20.56
20.49
20.42
20.34
20.26
20.18
20.09
20.00
19.90
19.80
19.69
19.57
19.44
19.29
19.14
18.98
18.82
18.65
18.49
18.35
18.21
18.09
17.97
17.86
17.76
17.67
17.58
17.49
17.41
17.34
17.27
17.20
17.13
17.07
17.01
16.95
16.89
16.84
16.79
16.74
16.69
16.65
16.60
16.56
16.52
16.48
16.45
16.41
16.38
16.35
16.32
16.29
16.26
16.23
16.21
16.18
16.16
16.14
16.12
16.10
16.08
16.06
16.05
16.03
16.02
16.00
15.99
15.98
15.96
15.95
15.94
15.93
15.92
15.91
15.90
15.90
15.89
15.88
15.88
15.87
15.86
15.86
15.85
15.85
15.85
15.84
15.84
15.84
15.83
15.83
15.83
15.83
15.83
15.83
15.82
15.82
15.82
15.83
15.83
15.83
15.83
15.83
15.83
15.83
15.84
15.84
15.84
15.85
15.85
15.86
15.86
15.87
15.87
15.88
15.88
15.89
15.90
15.90
15.91
15.91
15.92
15.93
15.94
15.95
15.95
15.96
15.97
15.98
15.99
16.00
16.01
16.02
16.03
16.04
16.06
16.07
16.08
16.09
16.11
16.12
16.14
16.15
16.17
16.18
16.20
16.22
16.24
16.26
16.28
16.30
16.32
16.34
16.37
16.39
16.42
16.45
16.48
16.50
16.54
16.57
16.60
16.64
16.67
16.71
16.75
16.79
16.83
16.88
16.92
16.97
17.02
17.08
17.13
17.19
17.25
17.31
17.37
17.44
17.52
17.59
17.67
17.76
17.85
17.94
18.05
18.16
18.28
18.40
18.54
18.69
18.84
18.99
19.14
19.28
19.41
19.53
19.64
19.75
19.84
19.93
20.02
20.10
20.17
20.25
20.31
20.38
20.44
20.49
20.55
20.60
20.65
20.69
20.74
20.78
20.81
20.85
20.88
20.91
20.94
20.97
20.99
21.01
21.03
21.05
21.06
21.07
21.08
21.09
21.09
21.10
21.10
21.10
21.10
21.09
21.09
21.08
21.07
21.06
21.05
21.04
21.02
21.01
20.99
20.97
20.95
20.93
20.91
20.89
20.87
20.84
20.82
20.79
20.76
20.73
20.71
20.68
20.65
20.62
20.58
20.55
20.52
20.48
20.45
20.41
20.38
20.34
20.30
20.27
20.23
20.19
20.15
20.10
20.06
20.02
19.97
19.92
19.88
19.83
19.77
19.72
19.67
19.61
19.55
19.49
19.42
19.36
19.29
19.21
19.14
19.06
18.98
18.90
18.81
18.73
18.64
18.56
18.48
18.40
18.32
18.25
18.18
18.11
18.04
17.98
17.92
17.86
17.80
17.74
17.69
17.64
17.59
17.54
17.49
17.44
17.40
17.36
17.31
17.27
17.24
17.20
17.16
17.13
17.10
17.07
17.04
17.01
16.99
16.97
16.95
16.93
16.91
16.90
16.88
16.87
16.87
16.86
16.86
16.86
16.86
16.87
16.87
16.88
16.90
16.91
16.93
16.95
16.97
17.00
17.03
17.06
17.09
17.13
17.17
17.22
17.26
17.31
17.36
17.42
17.48
17.54
17.61
17.68
17.76
17.84
17.92
18.02
18.11
18.22
18.34
18.46
18.59
18.73
18.87
19.01
19.15
19.28
19.40
19.51
19.62
19.72
19.81
19.90
19.98
20.06
20.13
20.20
20.27
20.33
20.40
20.45
20.51
20.57
20.62
20.67
20.72
20.76
20.81
20.85
20.90
20.94
20.98
21.01
21.05
21.09
21.12
21.16
21.19
21.22
21.25
21.28
21.31
21.34
21.37
21.40
21.42
21.45
21.48
21.50
21.53
21.55
21.58
21.60
21.63
21.65
21.68
21.70
21.73
21.75
21.78
21.80
21.83
21.86
21.88
21.91
21.94
21.96
21.99
22.02
22.05
22.08
22.11
22.14
22.17
22.20
22.23
22.27
22.30
22.33
22.37
22.40
22.43
22.47
22.50
22.54
22.57
22.61
22.64
22.68
22.71
22.75
22.79
22.83
22.86
22.90
22.94
22.98
23.02
23.06
23.10
23.14
23.19
23.23
23.27
23.32
23.36
23.41
23.46
23.51
23.56
23.61
23.66
23.72
23.78
23.84
23.90
23.96
24.03
24.10
24.17
24.25
24.33
24.42
24.51
24.61
24.71
24.82
24.94
25.06
25.18
25.30
25.42
25.54
25.64
25.75
25.84
25.93
26.02
26.10
26.18
26.25
26.32
26.38
26.45
26.51
26.56
26.62
26.67
26.72
26.77
26.81
26.85
26.89
26.93
26.96
26.99
27.02
27.05
27.08
27.10
27.12
27.13
27.15
27.16
27.17
27.18
27.18
27.18
27.18
27.18
27.17
27.16
27.15
27.14
27.12
27.10
27.08
27.06
27.03
27.00
26.97
26.94
26.91
26.87
26.83
26.79
26.74
26.70
26.65
26.59
26.54
26.48
26.42
26.36
26.29
26.22
26.15
26.07
25.99
25.90
25.81
25.71
25.60
25.49
25.37
25.25
25.12
24.99
24.87
24.75
24.63
24.52
24.42
24.33
24.23
24.15
24.06
23.99
23.91
23.84
23.76
23.70
23.63
23.56
23.50
23.44
23.38
23.32
23.26
23.20
23.15
23.09
23.04
22.98
22.93
22.88
22.82
22.77
22.72
22.66
22.61
22.56
22.50
22.45
22.40
22.34
22.29
22.24
22.18
22.13
22.07
22.01
21.96
21.90
21.85
21.79
21.73
21.68
21.62
21.56
21.50
21.44
21.39
21.33
21.27
21.21
21.15
21.09
21.02
20.96
20.89
20.83
20.76
20.69
20.62
20.55
20.47
20.39
20.31
20.23
20.14
20.05
19.95
19.85
19.74
19.62
19.49
19.36
19.21
19.05
18.89
18.73
18.57
18.42
18.28
18.15
18.02
17.91
17.81
17.71
17.61
17.52
17.44
17.36
17.28
17.20
17.13
17.06
16.99
16.92
16.85
16.79
16.73
16.67
16.61
16.55
16.49
16.43
16.37
16.32
16.26
16.20
16.15
16.09
16.04
15.99
15.93
15.88
15.83
15.77
15.72
15.67
15.62
15.56
15.51
15.46
15.41
15.36
15.31
15.26
15.21
15.16
15.11
15.06
15.01
14.96
14.91
14.86
14.81
14.76
14.71
14.66
14.61
14.56
14.51
14.45
14.40
14.35
14.29
14.23
14.18
14.12
14.06
14.00
13.93
13.87
13.80
13.73
13.66
13.58
13.51
13.42
13.34
13.25
13.15
13.06
12.95
12.84
12.73
12.62
12.50
12.39
12.28
12.18
12.08
11.99
11.90
11.82
11.74
11.67
11.60
11.53
11.47
11.41
11.36
11.31
11.26
11.21
11.16
11.12
11.08
11.04
11.01
10.98
10.94
10.92
10.89
10.86
10.84
10.82
10.80
10.79
10.78
10.77
10.76
10.75
10.75
10.75
10.75
10.75
10.76
10.77
10.78
10.79
10.81
10.83
10.85
10.87
10.90
10.92
10.96
10.99
11.03
11.06
11.11
11.15
11.20
11.25
11.30
11.36
11.42
11.48
11.55
11.62
11.69
11.77
11.85
11.94
12.04
12.14
12.24
12.35
12.46
12.58
12.69
12.80
12.91
13.01
13.11
13.19
13.28
13.36
13.43
13.50
13.57
13.63
13.69
13.74
13.80
13.85
13.90
13.94
13.99
14.03
14.07
14.11
14.15
14.19
14.23
14.26
14.29
14.33
14.36
14.39
14.42
14.45
14.47
14.50
14.53
14.55
14.58
14.60
14.62
14.65
14.67
14.69
14.71
14.73
14.75
14.77
14.79
14.81
14.83
14.84
14.86
14.88
14.89
14.91
14.92
14.94
14.95
14.97
14.98
15.00
15.01
15.02
15.03
15.04
15.06
15.07
15.08
15.09
15.10
15.10
15.11
15.12
15.13
15.13
15.14
15.14
15.15
15.15
15.15
15.16
15.16
15.16
15.16
15.16
15.16
15.15
15.15
15.14
15.14
15.13
15.12
15.12
15.11
15.09
15.08
15.07
15.05
15.04
15.02
15.00
14.98
14.96
14.94
14.91
14.89
14.86
14.83
14.80
14.77
14.74
14.70
14.66
14.63
14.59
14.54
14.50
14.45
14.41
14.36
14.31
14.25
14.20
14.14
14.08
14.01
13.94
13.87
13.80
13.72
13.64
13.55
13.46
13.37
13.26
13.15
13.03
12.90
12.77
12.63
12.49
12.35
12.22
12.09
11.98
11.87
11.77
11.67
11.58
11.50
11.42
11.35
11.27
11.21
11.14
11.08
11.02
10.96
10.91
10.85
10.80
10.75
10.70
10.66
10.61
10.57
10.53
10.49
10.45
10.41
10.37
10.34
10.30
10.27
10.23
10.20
10.17
10.14
10.11
10.08
10.05
10.02
10.00
9.97
9.94
9.92
9.89
9.87
9.85
9.82
9.80
9.78
9.76
9.74
9.72
9.70
9.68
9.66
9.64
9.62
9.61
9.59
9.57
9.56
9.54
9.53
9.51
9.50
9.48
9.47
9.46
9.44
9.43
9.42
9.41
9.40
9.39
9.38
9.37
9.36
9.35
9.34
9.34
9.33
9.32
9.32
9.31
9.30
9.30
9.29
9.29
9.28
9.28
9.27
9.27
9.27
9.26
9.26
9.26
9.25
9.25
9.24
9.24
9.24
9.23
9.23
9.23
9.22
9.22
9.22
9.21
9.21
9.20
9.20
9.19
9.19
9.18
9.17
9.17
9.16
9.15
9.14
9.13
9.12
9.11
9.10
9.08
9.07
9.06
9.04
9.02
9.01
8.99
8.97
8.95
8.92
8.90
8.88
8.85
8.82
8.80
8.77
8.73
8.70
8.67
8.63
8.60
8.56
8.52
8.48
8.44
8.40
8.35
8.31
8.26
8.21
8.16
8.11
8.06
8.00
7.94
7.88
7.82
7.76
7.69
7.62
7.55
7.47
7.39
7.31
7.22
7.12
7.02
6.92
6.80
6.68
6.55
6.42
6.27
6.13
6.00
5.87
5.75
5.63
5.52
5.42
5.33
5.24
5.15
5.07
4.99
4.91
4.84
4.77
4.70
4.64
4.57
4.51
4.45
4.39
4.33
4.28
4.22
4.17
4.11
4.06
4.01
3.95
3.90
3.85
3.80
3.75
3.70
3.65
3.60
3.55
3.50
3.45
3.40
3.35
3.30
3.26
3.21
3.16
3.11
3.06
3.01
2.96
2.91
2.86
2.81
2.76
2.71
2.66
2.60
2.55
2.50
2.45
2.40
2.35
2.29
2.24
2.18
2.13
2.07
2.01
1.95
1.89
1.83
1.77
1.70
1.64
1.57
1.50
1.42
1.35
1.27
1.18
1.10
1.01
0.91
0.81
0.70
0.58
0.46
0.33
0.19
0.04
-0.10
-0.25
-0.38
-0.51
-0.63
-0.74
-0.84
-0.94
-1.03
-1.11
-1.20
-1.27
-1.35
-1.42
-1.49
-1.55
-1.62
-1.68
-1.74
-1.80
-1.86
-1.91
-1.96
-2.02
-2.07
-2.12
-2.17
-2.21
-2.26
-2.30
-2.35
-2.39
-2.44
-2.48
-2.52
-2.56
-2.60
-2.64
-2.68
-2.71
-2.75
-2.79
-2.82
-2.86
-2.89
-2.93
-2.96
-3.00
-3.03
-3.06
-3.10
-3.13
-3.16
-3.19
-3.23
-3.26
-3.29
-3.33
-3.36
-3.39
-3.43
-3.46
-3.49
-3.53
-3.57
-3.60
-3.64
-3.68
-3.71
-3.75
-3.79
-3.83
-3.87
-3.92
-3.96
-4.00
-4.05
-4.09
-4.14
-4.19
-4.24
-4.29
-4.34
-4.40
-4.45
-4.51
-4.57
-4.63
-4.69
-4.75
-4.82
-4.89
-4.96
-5.04
-5.11
-5.20
-5.28
-5.38
-5.47
-5.58
-5.81
-5.94
-6.07
-6.21
-6.35
-6.49
-6.63
-6.76
-6.88
-6.99
-7.09
-7.19
-7.28
-7.37
-7.45
-7.53
-7.60
-7.68
-7.75
-7.88
-7.94
-8.00
-8.06
-8.12
-8.17
-8.23
-8.28
-8.33
-8.38
-8.43
-8.48
-8.53
-8.57
-8.62
-8.67
-8.71
-8.75
-8.80
-8.84
-8.88
-8.92
-8.97
-9.01
-9.05
-9.09
-9.13
-9.17
-9.21
-9.25
-9.29
-9.33
-9.37
-9.41
-9.45
-9.49
-9.53
-9.57
-9.61
-9.65
-9.69
-9.73
-9.77
-9.81
-9.85
-9.90
-9.94
-9.98
-10.02
-10.07
-10.11
-10.16
-10.20
-10.25
-10.30
-10.34
-10.39
-10.44
-10.49
-10.54
-10.60
-10.65
-10.71
-10.76
-10.82
-10.88
-10.94
-11.01
-11.07
-11.14
-11.21
-11.29
-11.37
-11.45
-11.53
-11.62
-11.72
-11.82
-11.93
-12.04
-12.16
-12.29
-12.43
-12.57
-12.71
-12.85
-12.98
-13.10
-13.21
-13.32
-13.42
-13.51
-13.60
-13.68
-13.76
-13.84
-13.91
-13.98
-14.05
-14.11
-14.17
-14.23
-14.29
-14.35
-14.40
-14.46
-14.51
-14.56
-14.61
-14.66
-14.71
-14.75
-14.80
-14.85
-14.89
-14.93
-14.97
-15.02
-15.06
-15.10
-15.14
-15.18
-15.22
-15.26
-15.29
-15.33
-15.37
-15.40
-15.44
-15.48
-15.51
-15.55
-15.58
-15.62
-15.66
-15.69
-15.73
-15.76
-15.80
-15.83
-15.87
-15.90
-15.94
-15.97
-16.01
-16.04
-16.08
-16.12
-16.15
-16.19
-16.23
-16.27
-16.30
-16.34
-16.38
-16.42
-16.47
-16.51
-16.55
-16.59
-16.64
-16.68
-16.73
-16.77
-16.82
-16.87
-16.92
-16.97
-17.03
-17.08
-17.14
-17.19
-17.25
-17.31
-17.38
-17.44
-17.51
-17.58
-17.66
-17.73
-17.81
-17.90
-17.99
-18.09
-18.19
-18.30
-18.41
-18.54
-18.67
-18.80
-18.94
-19.07
-19.32
-19.43
-19.53
-19.63
-19.73
-19.81
-19.90
-19.98
-20.05
-20.12
-20.19
-20.26
-20.32
-20.38
-20.44
-20.49
-20.55
-20.60
-20.65
-20.70
-20.75
-20.80
-20.84
-20.89
-20.93
-20.98
-21.02
-21.06
-21.10
-21.13
-21.17
-21.21
-21.24
-21.28
-21.31
-21.35
-21.38
-21.41
-21.44
-21.47
-21.50
-21.53
-21.56
-21.59
-21.62
-21.64
-21.67
-21.70
-21.72
-21.75
-21.78
-21.80
-21.83
-21.85
-21.88
-21.90
-21.92
-21.95
-21.97
-22.00
-22.02
-22.05
-22.07
-22.10
-22.12
-22.15
-22.18
-22.20
-22.23
-22.26
-22.28
-22.31
-22.34
-22.37
-22.40
-22.43
-22.46
-22.49
-22.52
-22.56
-22.59
-22.62
-22.66
-22.69
-22.73
-22.76
-22.80
-22.84
-22.88
-22.92
-22.96
-23.00
-23.04
-23.09
-23.13
-23.18
-23.22
-23.27
-23.32
-23.37
-23.42
-23.48
-23.53
-23.59
-23.65
-23.71
-23.77
-23.84
-23.91
-23.98
-24.06
-24.14
-24.22
-24.31
-24.40
-24.50
-24.61
-24.72
-24.84
-24.97
-25.10
-25.23
-25.36
-25.48
-25.60
-25.71
-25.81
-25.91
-26.00
-26.09
-26.17
-26.25
-26.32
-26.39
-26.46
-26.52
-26.59
-26.65
-26.71
-26.76
-26.82
-26.87
-26.92
-26.97
-27.02
-27.07
-27.12
-27.16
-27.21
-27.25
-27.29
-27.34
-27.38
-27.42
-27.46
-27.50
-27.53
-27.57
-27.61
-27.64
-27.68
-27.71
-27.75
-27.78
-27.81
-27.85
-27.88
-27.91
-27.94
-27.97
-28.01
-28.04
-28.07
-28.10
-28.13
-28.16
-28.18
-28.21
-28.24
-28.27
-28.30
-28.33
-28.36
-28.38
-28.41
-28.44
-28.47
-28.49
-28.52
-28.55
-28.58
-28.61
-28.63
-28.66
-28.69
-28.72
-28.75
-28.77
-28.80
-28.83
-28.86
-28.89
-28.92
-28.95
-28.98
-29.01
-29.04
-29.08
-29.11
-29.14
-29.18
-29.21
-29.24
-29.28
-29.31
-29.35
-29.39
-29.43
-29.47
-29.51
-29.55
-29.59
-29.63
-29.67
-29.72
-29.77
-29.81
-29.86
-29.91
-29.96
-30.02
-30.07
-30.13
-30.19
-30.25
-30.32
-30.39
-30.46
-30.53
-30.61
-30.69
-30.78
-30.87
-30.97
-31.07
-31.17
-31.28
-31.40
-31.51
-31.62
-31.72
-31.82
-31.92
-32.01
-32.09
-32.17
-32.25
-32.32
-32.39
-32.45
-32.51
-32.57
-32.62
-32.67
-32.72
-32.77
-32.81
-32.86
-32.90
-32.94
-32.97
-33.01
-33.04
-33.07
-33.10
-33.13
-33.16
-33.18
-33.20
-33.23
-33.24
-33.26
-33.28
-33.29
-33.31
-33.32
-33.33
-33.34
-33.35
-33.35
-33.36
-33.36
-33.36
-33.36
-33.36
-33.36
-33.35
-33.35
-33.34
-33.33
-33.32
-33.31
-33.30
-33.28
-33.27
-33.25
-33.23
-33.22
-33.20
-33.17
-33.15
-33.13
-33.10
-33.08
-33.05
-33.02
-32.99
-32.96
-32.93
-32.90
-32.87
-32.83
-32.79
-32.76
-32.72
-32.68
-32.64
-32.60
-32.55
-32.51
-32.46
-32.41
-32.36
-32.31
-32.26
-32.20
-32.14
-32.09
-32.02
-31.96
-31.89
-31.83
-31.76
-31.69
-31.61
-31.54
-31.46
-31.39
-31.32
-31.25
-31.18
-31.11
-31.05
-30.99
-30.93
-30.87
-30.82
-30.77
-30.72
-30.67
-30.63
-30.59
-30.55
-30.51
-30.47
-30.44
-30.40
-30.37
-30.34
-30.31
-30.28
-30.26
-30.23
-30.21
-30.19
-30.17
-30.15
-30.13
-30.11
-30.10
-30.08
-30.07
-30.06
-30.05
-30.04
-30.03
-30.03
-30.02
-30.02
-30.02
-30.01
-30.02
-30.02
-30.02
-30.03
-30.03
-30.04
-30.05
-30.06
-30.08
-30.09
-30.11
-30.13
-30.15
-30.17
-30.20
-30.22
-30.25
-30.28
-30.32
-30.35
-30.39
-30.43
-30.47
-30.52
-30.57
-30.62
-30.67
-30.73
-30.80
-30.86
-30.93
-31.01
-31.08
-31.17
-31.25
-31.34
-31.42
-31.51
-31.60
-31.68
-31.76
-31.84
-31.91
-31.98
-32.04
-32.10
-32.16
-32.21
-32.26
-32.31
-32.35
-32.40
-32.43
-32.47
-32.50
-32.54
-32.57
-32.59
-32.62
-32.64
-32.66
-32.68
-32.70
-32.72
-32.73
-32.74
-32.75
-32.76
-32.77
-32.78
-32.78
-32.78
-32.78
-32.78
-32.78
-32.78
-32.78
-32.77
-32.77
-32.76
-32.75
-32.74
-32.73
-32.71
-32.70
-32.68
-32.67
-32.65
-32.63
-32.61
-32.59
-32.57
-32.54
-32.52
-32.49
-32.46
-32.44
-32.40
-32.37
-32.34
-32.30
-32.27
-32.23
-32.19
-32.15
-32.10
-32.06
-32.01
-31.96
-31.90
-31.85
-31.79
-31.73
-31.67
-31.60
-31.54
-31.47
-31.40
-31.33
-31.26
-31.19
-31.12
-31.06
-30.99
-30.93
-30.87
-30.81
-30.75
-30.70
-30.65
-30.60
-30.55
-30.50
-30.45
-30.41
-30.37
-30.33
-30.29
-30.25
-30.21
-30.18
-30.14
-30.11
-30.08
-30.05
-30.02
-29.99
-29.96
-29.93
-29.91
-29.89
-29.86
-29.84
-29.82
-29.80
-29.79
-29.77
-29.76
-29.74
-29.73
-29.72
-29.71
-29.70
-29.69
-29.69
-29.68
-29.68
-29.68
-29.68
-29.68
-29.68
-29.69
-29.69
-29.70
-29.71
-29.72
-29.73
-29.75
-29.76
-29.78
-29.80
-29.82
-29.84
-29.87
-29.89
-29.92
-29.95
-29.98
-30.01
-30.05
-30.08
-30.12
-30.16
-30.20
-30.25
-30.30
-30.35
-30.40
-30.46
-30.52
-30.58
-30.65
-30.72
-30.79
-30.87
-30.95
-31.04
-31.13
-31.23
-31.33
-31.43
-31.53
-31.63
-31.73
-31.82
-31.91
-31.99
-32.07
-32.14
-32.22
-32.28
-32.35
-32.41
-32.47
-32.52
-32.58
-32.63
-32.68
-32.72
-32.77
-32.81
-32.85
-32.90
-32.93
-32.97
-33.01
-33.04
-33.08
-33.11
-33.14
-33.17
-33.20
-33.23
-33.26
-33.29
-33.31
-33.34
-33.36
-33.39
-33.41
-33.43
-33.45
-33.48
-33.50
-33.52
-33.53
-33.55
-33.57
-33.59
-33.61
-33.62
-33.64
-33.65
-33.67
-33.68
-33.70
-33.71
-33.72
-33.74
-33.75
-33.76
-33.77
-33.78
-33.80
-33.81
-33.82
-33.84
-33.85
-33.86
-33.86
-33.87
-33.88
-33.89
-33.90
-33.90
-33.91
-33.92
-33.92
-33.93
-33.94
-33.94
-33.95
-33.95
-33.96
-33.96
-33.97
-33.97
-33.98
-33.98
-33.98
-33.98
-33.99
-33.99
-33.99
-33.99
-33.99
-33.99
-33.99
-33.99
-33.99
-33.99
-33.99
-33.99
-33.98
-33.98
-33.98
-33.97
-33.97
-33.96
-33.96
-33.95
-33.95
-33.94
-33.93
-33.92
-33.91
-33.90
-33.89
-33.88
-33.87
-33.86
-33.85
-33.83
-33.82
-33.80
-33.79
-33.77
-33.75
-33.73
-33.71
-33.69
-33.67
-33.65
-33.63
-33.60
-33.58
-33.55
-33.53
-33.50
-33.47
-33.44
-33.41
-33.38
-33.34
-33.31
-33.27
-33.24
-33.20
-33.16
-33.12
-33.08
-33.04
-32.99
-32.94
-32.90
-32.85
-32.79
-32.74
-32.68
-32.63
-32.56
-32.50
-32.43
-32.36
-32.29
-32.21
-32.13
-32.04
-31.95
-31.85
-31.74
-31.64
-31.52
-31.41
-31.29
-31.18
-31.07
-30.97
-30.87
-30.78
-30.70
-30.61
-30.54
-30.46
-30.40
-30.33
-30.27
-30.21
-30.15
-30.09
-30.04
-29.99
-29.94
-29.89
-29.85
-29.80
-29.76
-29.72
-29.68
-29.64
-29.60
-29.56
-29.53
-29.50
-29.46
-29.43
-29.40
-29.37
-29.34
-29.31
-29.29
-29.26
-29.23
-29.21
-29.19
-29.16
-29.14
-29.12
-29.10
-29.08
-29.06
-29.04
-29.02
-29.01
-28.99
-28.98
-28.96
-28.95
-28.93
-28.92
-28.91
-28.89
-28.88
-28.87
-28.86
-28.85
-28.84
-28.83
-28.82
-28.82
-28.81
-28.80
-28.79
-28.79
-28.78
-28.78
-28.77
-28.77
-28.76
-28.76
-28.75
-28.75
-28.75
-28.75
-28.74
-28.74
-28.74
-28.74
-28.74
-28.74
-28.74
-28.73
-28.73
-28.74
-28.74
-28.74
-28.74
-28.74
-28.74
-28.74
-28.74
-28.75
-28.75
-28.75
-28.76
-28.76
-28.76
-28.77
-28.77
-28.78
-28.78
-28.79
-28.79
-28.80
-28.80
-28.81
-28.82
-28.83
-28.83
-28.84
-28.85
-28.86
-28.87
-28.88
-28.89
-28.90
-28.91
-28.92
-28.93
-28.94
-28.95
-28.97
-28.98
-28.99
-29.01
-29.02
-29.04
-29.06
-29.07
-29.09
-29.11
-29.13
-29.14
-29.16
-29.18
-29.21
-29.23
-29.25
-29.27
-29.30
-29.32
-29.35
-29.38
-29.40
-29.43
-29.46
-29.49
-29.52
-29.55
-29.59
-29.62
-29.66
-29.69
-29.73
-29.77
-29.81
-29.85
-29.89
-29.94
-29.98
-30.03
-30.08
-30.13
-30.19
-30.24
-30.30
-30.36
-30.43
-30.50
-30.57
-30.64
-30.72
-30.80
-30.89
-30.98
-31.08
-31.18
-31.28
-31.39
-31.50
-31.60
-31.70
-31.80
-31.89
-31.98
-32.07
-32.14
-32.22
-32.29
-32.35
-32.42
-32.48
-32.53
-32.59
-32.64
-32.69
-32.73
-32.78
-32.82
-32.86
-32.90
-32.94
-32.98
-33.01
-33.04
-33.08
-33.11
-33.14
-33.16
-33.19
-33.21
-33.24
-33.26
-33.28
-33.30
-33.32
-33.34
-33.35
-33.37
-33.38
-33.39
-33.41
-33.42
-33.43
-33.43
-33.44
-33.45
-33.45
-33.46
-33.46
-33.46
-33.46
-33.46
-33.46
-33.46
-33.46
-33.46
-33.45
-33.45
-33.44
-33.44
-33.43
-33.42
-33.41
-33.40
-33.39
-33.38
-33.37
-33.35
-33.34
-33.33
-33.31
-33.30
-33.28
-33.26
-33.24
-33.23
-33.21
-33.19
-33.17
-33.15
-33.13
-33.10
-33.08
-33.06
-33.03
-33.01
-32.98
-32.96
-32.93
-32.90
-32.87
-32.84
-32.81
-32.78
-32.75
-32.72
-32.69
-32.65
-32.62
-32.58
-32.54
-32.51
-32.47
-32.43
-32.38
-32.34
-32.30
-32.25
-32.20
-32.15
-32.10
-32.05
-31.99
-31.94
-31.88
-31.82
-31.76
-31.69
-31.63
-31.56
-31.50
-31.43
-31.37
-31.30
-31.24
-31.18
-31.12
-31.06
-31.01
-30.95
-30.91
-30.86
-30.81
-30.77
-30.73
-30.70
-30.66
-30.63
-30.60
-30.57
-30.54
-30.51
-30.49
-30.47
-30.45
-30.43
-30.41
-30.40
-30.39
-30.37
-30.37
-30.36
-30.35
-30.35
-30.34
-30.34
-30.34
-30.35
-30.35
-30.36
-30.37
-30.38
-30.39
-30.40
-30.42
-30.44
-30.45
-30.48
-30.50
-30.53
-30.55
-30.59
-30.62
-30.65
-30.69
-30.73
-30.77
-30.82
-30.87
-30.92
-30.97
-31.03
-31.09
-31.15
-31.21
-31.28
-31.34
-31.41
-31.47
-31.54
-31.60
-31.67
-31.73
-31.78
-31.84
-31.89
-31.94
-31.99
-32.03
-32.07
-32.11
-32.14
-32.18
-32.21
-32.24
-32.26
-32.29
-32.31
-32.33
-32.35
-32.37
-32.39
-32.40
-32.41
-32.42
-32.43
-32.44
-32.45
-32.45
-32.46
-32.46
-32.46
-32.46
-32.46
-32.46
-32.45
-32.45
-32.44
-32.43
-32.42
-32.41
-32.40
-32.39
-32.37
-32.36
-32.34
-32.32
-32.30
-32.28
-32.26
-32.24
-32.21
-32.19
-32.16
-32.13
-32.10
-32.07
-32.03
-32.00
-31.96
-31.92
-31.88
-31.84
-31.79
-31.75
-31.70
-31.65
-31.60
-31.54
-31.49
-31.43
-31.38
-31.32
-31.27
-31.21
-31.15
-31.10
-31.05
-30.99
-30.94
-30.89
-30.85
-30.80
-30.76
-30.71
-30.67
-30.63
-30.59
-30.55
-30.52
-30.48
-30.45
-30.41
-30.38
-30.35
-30.32
-30.30
-30.27
-30.24
-30.22
-30.20
-30.17
-30.15
-30.13
-30.11
-30.10
-30.08
-30.07
-30.05
-30.04
-30.03
-30.02
-30.01
-30.00
-29.99
-29.99
-29.98
-29.98
-29.98
-29.98
-29.98
-29.98
-29.99
-29.99
-30.00
-30.01
-30.02
-30.03
-30.04
-30.06
-30.07
-30.09
-30.11
-30.13
-30.15
-30.18
-30.21
-30.23
-30.26
-30.29
-30.33
-30.36
-30.40
-30.44
-30.49
-30.53
-30.58
-30.63
-30.68
-30.74
-30.80
-30.86
-30.93
-31.00
-31.08
-31.15
-31.23
-31.31
-31.40
-31.48
-31.56
-31.65
-31.72
-31.80
-31.87
-31.94
-32.01
-32.07
-32.13
-32.19
-32.24
-32.29
-32.34
-32.38
-32.43
-32.47
-32.51
-32.55
-32.58
-32.62
-32.65
-32.68
-32.71
-32.74
-32.77
-32.79
-32.82
-32.84
-32.86
-32.88
-32.90
-32.92
-32.94
-32.95
-32.97
-32.98
-33.00
-33.01
-33.02
-33.03
-33.04
-33.05
-33.06
-33.07
-33.07
-33.08
-33.08
-33.09
-33.09
-33.10
-33.10
-33.10
-33.10
-33.10
-33.10
-33.10
-33.10
-33.10
-33.10
-33.10
-33.09
-33.09
-33.09
-33.08
-33.08
-33.07
-33.07
-33.06
-33.05
-33.05
-33.04
-33.03
-33.02
-33.01
-33.00
-32.99
-32.98
-32.97
-32.96
-32.95
-32.94
-32.92
-32.91
-32.90
-32.88
-32.87
-32.85
-32.84
-32.82
-32.80
-32.78
-32.77
-32.75
-32.73
-32.71
-32.69
-32.66
-32.64
-32.62
-32.59
-32.57
-32.54
-32.51
-32.49
-32.46
-32.43
-32.39
-32.36
-32.33
-32.29
-32.26
-32.22
-32.18
-32.14
-32.09
-32.05
-32.00
-31.96
-31.91
-31.85
-31.80
-31.75
-31.69
-31.63
-31.57
-31.51
-31.46
-31.40
-31.34
-31.28
-31.22
-31.17
-31.12
-31.07
-31.02
-30.97
-30.93
-30.89
-30.85
-30.81
-30.78
-30.75
-30.72
-30.69
-30.67
-30.64
-30.62
-30.60
-30.59
-30.57
-30.56
-30.55
-30.54
-30.53
-30.53
-30.52
-30.52
-30.52
-30.52
-30.53
-30.53
-30.54
-30.55
-30.56
-30.57
-30.59
-30.61
-30.63
-30.65
-30.67
-30.69
-30.72
-30.75
-30.78
-30.82
-30.85
-30.89
-30.93
-30.97
-31.01
-31.06
-31.10
-31.15
-31.20
-31.25
-31.31
-31.36
-31.41
-31.46
-31.51
-31.56
-31.61
-31.66
-31.71
-31.75
-31.79
-31.83
-31.87
-31.90
-31.94
-31.97
-32.00
-32.02
-32.05
-32.07
-32.09
-32.11
-32.13
-32.15
-32.16
-32.18
-32.19
-32.20
-32.21
-32.22
-32.23
-32.23
-32.24
-32.24
-32.24
-32.24
-32.24
-32.24
-32.24
-32.23
-32.23
-32.22
-32.21
-32.20
-32.19
-32.18
-32.17
-32.16
-32.14
-32.13
-32.11
-32.09
-32.07
-32.05
-32.03
-32.00
-31.98
-31.95
-31.93
-31.90
-31.87
-31.84
-31.80
-31.77
-31.73
-31.69
-31.65
-31.61
-31.57
-31.53
-31.48
-31.44
-31.39
-31.35
-31.30
-31.25
-31.21
-31.16
-31.11
-31.07
-31.03
-30.98
-30.94
-30.90
-30.86
-30.83
-30.79
-30.75
-30.72
-30.69
-30.66
-30.63
-30.60
-30.57
-30.54
-30.52
-30.49
-30.47
-30.45
-30.43
-30.41
-30.39
-30.37
-30.36
-30.35
-30.33
-30.32
-30.31
-30.30
-30.29
-30.29
-30.28
-30.28
-30.28
-30.28
-30.28
-30.28
-30.28
-30.29
-30.30
-30.30
-30.31
-30.33
-30.34
-30.35
-30.37
-30.39
-30.41
-30.43
-30.45
-30.48
-30.50
-30.53
-30.57
-30.60
-30.63
-30.67
-30.71
-30.76
-30.80
-30.85
-30.90
-30.95
-31.01
-31.07
-31.13
-31.19
-31.26
-31.33
-31.39
-31.46
-31.53
-31.60
-31.66
-31.73
-31.79
-31.85
-31.90
-31.95
-32.00
-32.05
-32.10
-32.14
-32.18
-32.22
-32.26
-32.29
-32.33
-32.36
-32.39
-32.41
-32.44
-32.47
-32.49
-32.51
-32.53
-32.55
-32.57
-32.58
-32.60
-32.61
-32.62
-32.63
-32.64
-32.65
-32.66
-32.67
-32.68
-32.68
-32.68
-32.69
-32.69
-32.69
-32.69
-32.69
-32.69
-32.69
-32.69
-32.68
-32.68
-32.68
-32.67
-32.67
-32.66
-32.65
-32.64
-32.63
-32.63
-32.62
-32.61
-32.59
-32.58
-32.57
-32.56
-32.54
-32.53
-32.52
-32.50
-32.49
-32.47
-32.45
-32.44
-32.42
-32.40
-32.38
-32.36
-32.34
-32.32
-32.30
-32.28
-32.26
-32.24
-32.21
-32.19
-32.16
-32.14
-32.11
-32.09
-32.06
-32.03
-32.00
-31.97
-31.94
-31.91
-31.88
-31.85
-31.82
-31.79
-31.75
-31.72
-31.68
-31.65
-31.61
-31.58
-31.55
-31.51
-31.48
-31.44
-31.41
-31.38
-31.34
-31.31
-31.28
-31.25
-31.23
-31.20
-31.17
-31.15
-31.13
-31.10
-31.08
-31.06
-31.05
-31.03
-31.02
-31.00
-30.99
-30.98
-30.97
-30.97
-30.96
-30.96
-30.96
-30.96
-30.96
-30.96
-30.96
-30.97
-30.98
-30.98
-30.99
-31.01
-31.02
-31.03
-31.05
-31.07
-31.09
-31.11
-31.13
-31.16
-31.18
-31.21
-31.24
-31.26
-31.29
-31.32
-31.35
-31.39
-31.42
-31.45
-31.48
-31.51
-31.54
-31.57
-31.60
-31.62
-31.65
-31.68
-31.70
-31.72
-31.74
-31.76
-31.78
-31.80
-31.81
-31.82
-31.84
-31.85
-31.85
-31.86
-31.87
-31.87
-31.87
-31.87
-31.87
-31.87
-31.86
-31.86
-31.85
-31.84
-31.83
-31.82
-31.80
-31.79
-31.77
-31.75
-31.73
-31.71
-31.69
-31.66
-31.64
-31.61
-31.59
-31.56
-31.53
-31.50
-31.47
-31.43
-31.40
-31.37
-31.33
-31.30
-31.27
-31.23
-31.20
-31.17
-31.14
-31.10
-31.07
-31.04
-31.01
-30.98
-30.95
-30.92
-30.89
-30.87
-30.84
-30.82
-30.79
-30.77
-30.74
-30.72
-30.70
-30.68
-30.65
-30.63
-30.61
-30.59
-30.58
-30.56
-30.54
-30.52
-30.51
-30.49
-30.48
-30.46
-30.45
-30.43
-30.42
-30.41
-30.39
-30.38
-30.37
-30.36
-30.35
-30.34
-30.33
-30.32
-30.31
-30.30
-30.29
-30.29
-30.28
-30.27
-30.27
-30.26
-30.26
