0.00
-0.00
0.00
0.00
0.00
0.00
0.00
0.00
0.00
0.00
0.00
0.00
0.00
0.00
0.00
0.00
0.00
0.00
0.00
0.00
0.00
0.00
0.00
0.00
0.00
0.00
0.00
0.00
0.00
0.00
0.00
0.00
0.00
0.00
0.00
0.00
0.00
0.00
0.00
0.00
0.00
0.00
0.00
0.00
0.00
0.00
0.00
0.00
0.00
0.00
0.00
0.00
0.00
0.00
0.00
0.00
0.00
0.00
0.00
0.00
0.00
0.00
0.00
0.00
0.00
0.00
0.00
0.00
0.00
0.00
0.00
0.00
0.00
0.00
0.00
0.00
0.00
0.00
0.00
0.00
0.00
0.00
0.00
0.00
0.00
0.00
0.00
0.00
0.00
0.00
0.00
0.00
0.00
0.00
0.00
0.00
0.00
0.00
0.00
0.00
0.00
0.00
0.00
0.00
0.00
0.00
0.00
0.00
0.00
0.00
0.00
0.00
0.00
0.00
0.00
0.00
0.00
0.00
0.00
0.00
0.00
0.00
0.00
0.00
0.00
0.00
0.00
0.00
0.00
0.00
0.00
0.00
0.00
0.00
0.00
0.00
0.00
0.00
0.00
0.00
0.00
0.00
0.00
0.00
0.00
0.00
0.00
0.00
0.00
0.00
0.00
0.00
0.00
0.00
0.00
0.00
0.00
0.00
0.00
0.00
0.00
0.00
0.00
0.00
0.00
0.00
0.00
0.00
0.00
0.00
0.00
0.00
0.00
0.00
0.00
0.00
0.00
0.00
0.00
0.00
0.00
0.00
0.00
0.00
0.00
0.00
0.00
0.00
0.00
0.00
0.00
0.00
0.00
0.00
0.00
0.00
0.00
0.00
0.00
0.00
0.00
0.00
0.00
0.00
0.00
0.00
0.00
0.00
0.00
0.00
0.00
0.00
0.00
0.00
0.00
0.00
0.00
0.00
0.00
0.00
0.00
0.00
0.00
0.00
0.00
0.00
0.00
0.00
0.00
0.00
0.00
0.00
0.00
0.00
0.00
0.00
0.00
0.00
0.00
0.00
0.00
0.00
0.00
0.00
0.00
0.00
0.00
0.00
0.00
0.00
0.00
0.00
0.00
0.00
0.00
0.00
0.00
0.00
0.00
0.00
0.00
0.00
0.00
0.00
0.00
0.00
0.00
0.00
0.00
0.00
0.00
0.00
0.00
0.00
0.00
0.00
0.00
0.00
0.00
0.00
0.00
0.00
0.00
0.00
0.00
0.00
0.00
0.00
0.00
0.00
0.00
0.00
0.00
0.00
0.00
0.00
0.00
0.00
0.00
0.00
0.00
0.00
0.00
0.00
0.00
0.00
0.00
0.00
0.00
0.00
0.00
0.00
0.00
0.00
0.00
0.00
0.00
0.00
0.00
0.00
0.00
0.00
0.00
0.00
0.00
0.00
0.00
0.00
0.00
0.00
0.00
0.00
0.00
0.00
0.00
0.00
0.00
0.00
0.00
0.00
0.00
0.00
0.00
0.00
0.00
0.00
0.00
0.00
0.00
0.00
0.00
0.00
0.00
0.00
0.00
0.00
0.00
0.00
0.00
0.00
0.00
0.00
0.00
0.00
0.00
0.00
0.00
0.00
0.00
0.00
0.00
0.00
0.00
0.00
0.00
0.00
0.00
0.01
0.01
0.01
0.01
0.01
0.01
0.01
0.01
0.01
0.01
0.01
0.01
0.01
0.01
0.01
0.01
0.01
0.01
0.01
0.01
0.01
0.01
0.02
0.02
0.02
0.02
0.02
0.02
0.02
0.02
0.02
0.02
0.03
0.03
0.03
0.03
0.03
0.03
0.03
0.04
0.04
0.04
0.04
0.04
0.05
0.05
0.05
0.05
0.06
0.06
0.06
0.07
0.07
0.07
0.08
0.08
0.08
0.09
0.09
0.10
0.10
0.10
0.11
0.11
0.12
0.13
0.13
0.14
0.14
0.15
0.16
0.16
0.17
0.18
0.19
0.19
0.20
0.21
0.22
0.23
0.23
0.24
0.25
0.26
0.27
0.28
0.29
0.30
0.31
0.32
0.33
0.34
0.35
0.36
0.37
0.38
0.39
0.40
0.41
0.42
0.43
0.44
0.45
0.46
0.47
0.48
0.49
0.50
0.51
0.52
0.53
0.54
0.55
0.56
0.57
0.58
0.58
0.59
0.60
0.61
0.61
0.62
0.63
0.63
0.64
0.64
0.65
0.65
0.65
0.66
0.66
0.66
0.66
0.66
0.66
0.66
0.66
0.66
0.66
0.67
0.67
0.67
0.68
0.68
0.69
0.70
0.71
0.72
0.73
0.74
0.76
0.78
0.79
0.81
0.83
0.85
0.87
0.89
0.92
0.94
0.96
0.99
1.02
1.05
1.08
1.11
1.14
1.17
1.21
1.24
1.28
1.32
1.37
1.41
1.46
1.51
1.57
1.62
1.68
1.74
1.80
1.86
1.92
1.97
2.02
2.07
2.12
2.16
2.21
2.25
2.30
2.34
2.39
2.43
2.48
2.52
2.57
2.61
2.66
2.70
2.75
2.80
2.85
2.90
2.95
3.00
3.05
3.10
3.16
3.21
3.27
3.32
3.38
3.43
3.49
3.54
3.59
3.64
3.69
3.74
3.79
3.84
3.88
3.92
3.96
3.99
4.03
4.05
4.08
4.10
4.12
4.14
4.15
4.16
4.16
4.16
4.16
4.15
4.14
4.12
4.09
4.07
4.03
3.99
3.96
3.89
3.86
3.84
3.82
3.80
3.79
3.78
3.78
3.78
3.78
3.78
3.79
3.80
3.81
3.82
3.84
3.86
3.88
3.90
3.93
3.96
3.99
4.02
4.06
4.10
4.14
4.18
4.23
4.27
4.32
4.37
4.41
4.46
4.51
4.56
4.61
4.65
4.70
4.74
4.78
4.82
4.85
4.88
4.91
4.93
4.95
4.97
4.98
4.99
5.00
5.00
5.01
5.01
5.00
5.00
4.99
4.98
4.97
4.95
4.93
4.91
4.89
4.86
4.84
4.80
4.77
4.73
4.69
4.64
4.59
4.54
4.48
4.43
4.39
4.34
4.30
4.27
4.23
4.20
4.16
4.13
4.10
4.08
4.05
4.02
4.00
3.97
3.95
3.93
3.90
3.88
3.86
3.84
3.81
3.79
3.77
3.75
3.73
3.71
3.69
3.67
3.65
3.63
3.61
3.59
3.57
3.54
3.52
3.50
3.48
3.45
3.43
3.40
3.38
3.35
3.32
3.30
3.27
3.24
3.21
3.17
3.14
3.11
3.07
3.03
3.00
2.95
2.91
2.86
2.81
2.76
2.70
2.63
2.56
2.49
2.42
2.36
2.30
2.25
2.21
2.16
2.13
2.09
2.06
2.03
2.00
1.97
1.95
1.93
1.91
1.89
1.88
1.87
1.86
1.85
1.84
1.84
1.84
1.84
1.84
1.85
1.86
1.87
1.88
1.89
1.91
1.92
1.93
1.95
1.96
1.97
1.97
1.98
1.99
1.99
1.99
2.00
2.00
2.00
1.99
1.99
1.99
1.98
1.98
1.97
1.96
1.95
1.94
1.93
1.92
1.90
1.89
1.87
1.85
1.83
1.81
1.78
1.76
1.73
1.70
1.66
1.63
1.60
1.57
1.54
1.52
1.50
1.48
1.47
1.45
1.44
1.44
1.43
1.43
1.43
1.44
1.44
1.45
1.46
1.48
1.49
1.51
1.53
1.55
1.57
1.60
1.63
1.66
1.69
1.72
1.76
1.80
1.84
1.88
1.92
1.96
2.01
2.05
2.10
2.14
2.19
2.24
2.29
2.33
2.38
2.43
2.48
2.52
2.57
2.62
2.67
2.71
2.76
2.81
2.85
2.90
2.95
2.99
3.04
3.09
3.14
3.19
3.24
3.29
3.35
3.41
3.47
3.53
3.60
3.67
3.74
3.81
3.87
3.94
4.00
4.05
4.11
4.16
4.21
4.25
4.30
4.34
4.38
4.42
4.46
4.50
4.54
4.57
4.61
4.64
4.68
4.71
4.75
4.78
4.82
4.85
4.88
4.91
4.95
4.98
5.01
5.04
5.07
5.10
5.13
5.16
5.19
5.22
5.25
5.28
5.31
5.34
5.37
5.39
5.42
5.45
5.48
5.50
5.53
5.55
5.58
5.60
5.63
5.65
5.68
5.70
5.73
5.75
5.77
5.79
5.82
5.84
5.86
5.88
5.90
5.92
5.94
5.96
5.98
6.00
6.02
6.04
6.06
6.08
6.10
6.11
6.13
6.15
6.17
6.19
6.21
6.22
6.24
6.26
6.28
6.29
6.31
6.33
6.35
6.37
6.38
6.40
6.42
6.44
6.46
6.48
6.49
6.51
6.53
6.55
6.57
6.59
6.61
6.63
6.65
6.67
6.69
6.71
6.73
6.75
6.78
6.80
6.82
6.84
6.87
6.89
6.91
6.94
6.96
6.99
7.01
7.04
7.06
7.09
7.12
7.14
7.17
7.20
7.23
7.26
7.28
7.31
7.34
7.37
7.40
7.43
7.46
7.49
7.52
7.55
7.59
7.62
7.65
7.68
7.71
7.75
7.78
7.81
7.85
7.88
7.92
7.95
7.99
8.02
8.06
8.10
8.14
8.18
8.22
8.26
8.30
8.35
8.39
8.44
8.49
8.54
8.60
8.66
8.72
8.79
8.86
8.93
9.00
9.06
9.13
9.18
9.24
9.29
9.35
9.40
9.44
9.49
9.54
9.59
9.63
9.68
9.72
9.77
9.81
9.86
9.90
9.95
10.00
10.04
10.09
10.13
10.18
10.22
10.27
10.31
10.36
10.40
10.45
10.49
10.53
10.57
10.61
10.65
10.69
10.73
10.76
10.80
10.83
10.86
10.89
10.92
10.94
10.96
10.98
11.00
11.02
11.03
11.04
11.05
11.06
11.07
11.07
11.07
11.07
11.07
11.06
11.05
11.04
11.03
11.01
11.00
10.97
10.95
10.92
10.89
10.86
10.83
10.80
10.77
10.75
10.72
10.70
10.68
10.66
10.64
10.62
10.61
10.59
10.58
10.57
10.56
10.55
10.54
10.53
10.52
10.51
10.50
10.50
10.50
10.49
10.49
10.49
10.49
10.49
10.49
10.49
10.50
10.50
10.50
10.51
10.52
10.52
10.53
10.54
10.54
10.55
10.56
10.56
10.56
10.56
10.56
10.56
10.55
10.55
10.54
10.53
10.52
10.50
10.49
10.47
10.45
10.43
10.41
10.38
10.36
10.33
10.30
10.27
10.23
10.19
10.15
10.11
10.06
10.01
9.95
9.89
9.83
9.76
9.69
9.63
9.57
9.52
9.47
9.43
9.39
9.35
9.31
9.28
9.24
9.21
9.18
9.15
9.12
9.09
9.07
9.04
9.01
8.99
8.96
8.94
8.92
8.90
8.88
8.85
8.83
8.81
8.79
8.78
8.76
8.74
8.72
8.71
8.69
8.67
8.66
8.64
8.63
8.61
8.60
8.58
8.57
8.55
8.54
8.52
8.51
8.49
8.48
8.46
8.45
8.43
8.42
8.40
8.39
8.37
8.35
8.34
8.32
8.30
8.29
8.27
8.25
8.23
8.21
8.19
8.17
8.15
8.12
8.10
8.07
8.05
8.02
7.99
7.96
7.93
7.90
7.87
7.84
7.81
7.78
7.76
7.74
7.72
7.70
7.69
7.67
7.66
7.65
7.65
7.64
7.64
7.64
7.64
7.64
7.64
7.65
7.65
7.66
7.67
7.69
7.70
7.71
7.73
7.75
7.77
7.79
7.82
7.84
7.87
7.90
7.93
7.96
7.99
8.02
8.06
8.09
8.13
8.17
8.21
8.25
8.29
8.33
8.37
8.41
8.45
8.49
8.54
8.58
8.62
8.66
8.70
8.75
8.79
8.83
8.87
8.91
8.96
9.00
9.04
9.08
9.13
9.17
9.21
9.26
9.30
9.35
9.40
9.45
9.50
9.55
9.61
9.67
9.73
9.79
9.86
9.92
9.99
10.05
10.11
10.16
10.21
10.26
10.31
10.35
10.40
10.44
10.48
10.52
10.55
10.59
10.63
10.66
10.69
10.73
10.76
10.79
10.83
10.86
10.89
10.92
10.95
10.98
11.01
11.04
11.07
11.09
11.12
11.15
11.18
11.21
11.23
11.26
11.28
11.31
11.33
11.36
11.38
11.41
11.43
11.45
11.48
11.50
11.52
11.54
11.56
11.58
11.60
11.62
11.64
11.66
11.68
11.69
11.71
11.73
11.74
11.76
11.77
11.79
11.80
11.81
11.83
11.84
11.85
11.86
11.87
11.88
11.89
11.90
11.91
11.92
11.93
11.93
11.94
11.95
11.95
11.96
11.96
11.97
11.97
11.97
11.98
11.98
11.98
11.98
11.98
11.98
11.98
11.98
11.98
11.98
11.98
11.98
11.98
11.97
11.97
11.97
11.96
11.96
11.95
11.95
11.94
11.93
11.93
11.92
11.91
11.90
11.89
11.88
11.87
11.86
11.85
11.84
11.83
11.82
11.81
11.79
11.78
11.77
11.75
11.74
11.72
11.71
11.69
11.67
11.66
11.64
11.62
11.60
11.58
11.56
11.54
11.52
11.50
11.47
11.45
11.43
11.40
11.38
11.35
11.33
11.30
11.27
11.25
11.22
11.19
11.16
11.13
11.10
11.07
11.04
11.01
10.98
10.95
10.92
10.89
10.85
10.82
10.79
10.75
10.72
10.69
10.65
10.62
10.59
10.55
10.52
10.49
10.45
10.42
10.39
10.35
10.32
10.29
10.25
10.22
10.18
10.15
10.11
10.08
10.04
10.00
9.96
9.92
9.88
9.84
9.80
9.75
9.71
9.65
9.60
9.54
9.48
9.42
9.35
9.28
9.22
9.16
9.10
9.04
8.99
8.94
8.90
8.86
8.81
8.77
8.74
8.70
8.66
8.63
8.59
8.56
8.53
8.49
8.46
8.43
8.40
8.37
8.34
8.31
8.25
8.22
8.19
8.16
8.13
8.10
8.07
8.04
8.02
7.99
7.96
7.93
7.91
7.88
7.86
7.83
7.80
7.78
7.76
7.73
7.71
7.69
7.66
7.64
7.62
7.60
7.58
7.56
7.54
7.53
7.51
7.49
7.47
7.46
7.44
7.43
7.42
7.40
7.39
7.38
7.37
7.36
7.35
7.34
7.33
7.32
7.31
7.30
7.29
7.29
7.28
7.28
7.27
7.27
7.26
7.26
7.25
7.25
7.25
7.25
7.24
7.24
7.24
7.24
7.24
7.24
7.24
7.25
7.25
7.25
7.25
7.26
7.26
7.27
7.27
7.28
7.28
7.29
7.29
7.30
7.31
7.32
7.33
7.34
7.35
7.36
7.37
7.38
7.39
7.40
7.42
7.43
7.44
7.46
7.47
7.49
7.51
7.52
7.54
7.56
7.58
7.60
7.62
7.64
7.66
7.69
7.71
7.73
7.75
7.78
7.80
7.83
7.85
7.88
7.91
7.93
7.96
7.99
8.02
8.04
8.07
8.10
8.13
8.16
8.19
8.22
8.25
8.28
8.31
8.34
8.37
8.40
8.43
8.46
8.49
8.52
8.56
8.59
8.62
8.66
8.69
8.73
8.76
8.80
8.84
8.88
8.92
8.96
9.01
9.06
9.11
9.16
9.22
9.28
9.34
9.41
9.48
9.54
9.60
9.65
9.71
9.75
9.80
9.85
9.89
9.93
9.97
10.01
10.04
10.08
10.11
10.15
10.18
10.22
10.25
10.28
10.31
10.34
10.38
10.41
10.44
10.47
10.50
10.53
10.56
10.59
10.62
10.65
10.68
10.71
10.74
10.77
10.80
10.83
10.86
10.89
10.91
10.94
10.97
11.00
11.02
11.05
11.07
11.10
11.12
11.15
11.17
11.19
11.22
11.24
11.26
11.28
11.30
11.32
11.34
11.36
11.38
11.40
11.41
11.43
11.45
11.46
11.48
11.49
11.50
11.52
11.53
11.54
11.55
11.56
11.57
11.58
11.59
11.60
11.60
11.61
11.62
11.62
11.63
11.63
11.64
11.64
11.64
11.65
11.65
11.65
11.65
11.65
11.65
11.65
11.65
11.65
11.64
11.64
11.64
11.63
11.63
11.62
11.62
11.61
11.60
11.60
11.59
11.58
11.57
11.56
11.55
11.54
11.52
11.51
11.50
11.49
11.47
11.46
11.44
11.43
11.41
11.39
11.37
11.36
11.34
11.32
11.30
11.28
11.26
11.24
11.21
11.19
11.17
11.15
11.12
11.10
11.08
11.05
11.03
11.00
10.98
10.95
10.92
10.90
10.87
10.84
10.81
10.79
10.76
10.73
10.70
10.67
10.64
10.61
10.58
10.55
10.52
10.48
10.45
10.42
10.38
10.35
10.31
10.27
10.23
10.19
10.15
10.11
10.06
10.01
9.96
9.90
9.84
9.78
9.72
9.66
9.59
9.53
9.48
9.42
9.37
9.32
9.28
9.23
9.19
9.15
9.11
9.07
9.03
8.99
8.95
8.91
8.88
8.84
8.80
8.77
8.73
8.69
8.66
8.62
8.58
8.55
8.51
8.47
8.44
8.40
8.37
8.33
8.30
8.26
8.22
8.19
8.16
8.12
8.09
8.06
8.02
7.99
7.96
7.93
7.90
7.87
7.85
7.82
7.79
7.77
7.75
7.72
7.70
7.68
7.66
7.64
7.63
7.61
7.60
7.58
7.57
7.56
7.55
7.54
7.53
7.53
7.52
7.52
7.51
7.51
7.51
7.51
7.51
7.51
7.51
7.52
7.52
7.53
7.53
7.54
7.55
7.56
7.57
7.58
7.59
7.61
7.62
7.64
7.65
7.67
7.69
7.71
7.73
7.76
7.78
7.81
7.84
7.86
7.89
7.93
7.96
7.99
8.02
8.05
8.09
8.12
8.15
8.18
8.21
8.24
8.27
8.30
8.33
8.36
8.39
8.41
8.44
8.47
8.50
8.53
8.56
8.59
8.61
8.64
8.67
8.70
8.73
8.77
8.80
8.83
8.86
8.89
8.93
8.96
8.99
9.03
9.06
9.10
9.13
9.17
9.20
9.24
9.28
9.31
9.35
9.39
9.42
9.46
9.50
9.53
9.57
9.60
9.64
9.67
9.70
9.73
9.76
9.79
9.82
9.84
9.87
9.89
9.91
9.93
9.94
9.96
9.97
9.98
9.99
9.99
9.99
9.99
9.99
9.98
9.97
9.96
9.94
9.92
9.90
9.87
9.84
9.82
9.79
9.76
9.74
9.73
9.71
9.70
9.69
9.68
9.68
9.68
9.68
9.68
9.68
9.69
9.70
9.71
9.72
9.73
9.74
9.76
9.77
9.79
9.81
9.83
9.85
9.87
9.90
9.92
9.94
9.97
10.00
10.02
10.05
10.08
10.11
10.13
10.16
10.19
10.22
10.25
10.28
10.31
10.34
10.37
10.40
10.43
10.46
10.49
10.52
10.55
10.58
10.61
10.63
10.66
10.69
10.72
10.74
10.77
10.80
10.82
10.85
10.87
10.90
10.92
10.94
10.96
10.98
11.00
11.02
11.04
11.06
11.07
11.09
11.10
11.12
11.13
11.14
11.15
11.16
11.17
11.17
11.18
11.18
11.18
11.18
11.18
11.18
11.18
11.18
11.17
11.17
11.16
11.16
11.15
11.14
11.13
11.12
11.11
11.09
11.08
11.07
11.05
11.03
11.02
11.00
10.98
10.96
10.94
10.91
10.89
10.87
10.84
10.81
10.79
10.75
10.72
10.69
10.65
10.62
10.58
10.53
10.49
10.44
10.39
10.34
10.30
10.25
10.20
10.15
10.11
10.07
10.02
9.98
9.95
9.91
9.87
9.83
9.80
9.76
9.73
9.69
9.66
9.62
9.59
9.55
9.52
9.48
9.45
9.41
9.37
9.34
9.30
9.27
9.23
9.19
9.15
9.12
9.08
9.04
9.01
8.97
8.93
8.90
8.86
8.82
8.79
8.75
8.72
8.69
8.65
8.62
8.59
8.56
8.54
8.51
8.49
8.46
8.44
8.42
8.40
8.38
8.37
8.36
8.34
8.34
8.33
8.32
8.32
8.32
8.32
8.32
8.33
8.33
8.34
8.36
8.37
8.39
8.41
8.44
8.46
8.49
8.52
8.56
8.59
8.61
8.64
8.67
8.69
8.71
8.73
8.74
8.76
8.77
8.79
8.80
8.81
8.81
8.82
8.83
8.84
8.84
8.84
8.85
8.85
8.85
8.85
8.85
8.85
8.85
8.85
8.85
8.84
8.84
8.83
8.83
8.82
8.82
8.81
8.80
8.79
8.78
8.77
8.76
8.75
8.74
8.73
8.72
8.71
8.71
8.70
8.69
8.68
8.68
8.67
8.67
8.67
8.67
8.67
8.67
8.68
8.68
8.69
8.69
8.70
8.71
8.73
8.74
8.75
8.77
8.79
8.80
8.82
8.84
8.87
8.89
8.92
8.95
8.98
9.01
9.04
9.08
9.12
9.17
9.22
9.27
9.33
9.38
9.44
9.49
9.53
9.58
9.62
9.65
9.69
9.72
9.75
9.78
9.80
9.83
9.85
9.87
9.89
9.91
9.93
9.95
9.96
9.98
9.99
10.00
10.02
10.03
10.04
10.04
10.05
10.06
10.06
10.07
10.07
10.07
10.07
10.07
10.07
10.07
10.07
10.07
10.06
10.06
10.06
10.05
10.05
10.04
10.04
10.04
10.03
10.03
10.03
10.02
10.02
10.02
10.02
10.02
10.02
10.01
10.01
10.02
10.02
10.02
10.02
10.02
10.02
10.03
10.03
10.04
10.04
10.05
10.05
10.06
10.07
10.07
10.08
10.09
10.10
10.11
10.13
10.14
10.16
10.17
10.19
10.21
10.23
10.25
10.28
10.30
10.33
10.36
10.38
10.41
10.44
10.46
10.48
10.50
10.51
10.52
10.53
10.54
10.55
10.55
10.55
10.55
10.55
10.54
10.54
10.53
10.52
10.51
10.50
10.48
10.47
10.45
10.43
10.42
10.39
10.37
10.35
10.32
10.30
10.27
10.24
10.22
10.19
10.16
10.13
10.10
10.06
10.03
10.00
9.97
9.93
9.90
9.87
9.83
9.80
9.76
9.73
9.69
9.66
9.63
9.59
9.56
9.52
9.49
9.45
9.42
9.38
9.34
9.31
9.27
9.23
9.19
9.15
9.11
9.07
9.03
8.98
8.94
8.89
8.84
8.79
8.74
8.69
8.64
8.59
8.55
8.51
8.47
8.43
8.39
8.36
8.32
8.29
8.26
8.23
8.20
8.18
8.15
8.13
8.10
8.08
8.06
8.03
8.01
7.99
7.97
7.95
7.93
7.92
7.90
7.88
7.87
7.85
7.84
7.82
7.81
7.80
7.78
7.77
7.76
7.75
7.74
7.73
7.72
7.72
7.71
7.70
7.70
7.69
7.69
7.68
7.68
7.68
7.67
7.67
7.67
7.67
7.67
7.68
7.68
7.68
7.69
7.69
7.70
7.70
7.71
7.72
7.73
7.73
7.74
7.75
7.77
7.78
7.79
7.80
7.82
7.83
7.85
7.86
7.88
7.90
7.92
7.93
7.95
7.97
7.99
8.01
8.03
8.06
8.08
8.10
8.12
8.15
8.17
8.20
8.22
8.24
8.27
8.30
8.32
8.35
8.37
8.40
8.42
8.45
8.48
8.50
8.53
8.56
8.58
8.61
8.64
8.67
8.69
8.72
8.75
8.78
8.80
8.83
8.86
8.89
8.92
8.95
8.98
9.01
9.04
9.07
9.10
9.13
9.17
9.20
9.24
9.28
9.32
9.36
9.40
9.45
9.49
9.55
9.60
9.65
9.71
9.76
9.81
9.86
9.91
9.95
9.99
10.03
10.07
10.10
10.14
10.17
10.20
10.23
10.26
10.28
10.31
10.34
10.36
10.38
10.41
10.43
10.45
10.47
10.49
10.51
10.53
10.55
10.57
10.59
10.60
10.62
10.63
10.65
10.67
10.68
10.69
10.71
10.72
10.73
10.74
10.75
10.76
10.77
10.78
10.79
10.80
10.81
10.81
10.82
10.82
10.83
10.83
10.83
10.84
10.84
10.84
10.84
10.84
10.84
10.84
10.84
10.83
10.83
10.83
10.82
10.82
10.81
10.80
10.80
10.79
10.78
10.77
10.76
10.75
10.74
10.73
10.71
10.70
10.69
10.67
10.66
10.64
10.63
10.61
10.59
10.58
10.56
10.54
10.52
10.50
10.48
10.46
10.43
10.41
10.39
10.36
10.34
10.31
10.29
10.26
10.24
10.21
10.18
10.15
10.12
10.09
10.06
10.03
10.00
9.97
9.94
9.91
9.87
9.84
9.81
9.77
9.74
9.71
9.67
9.64
9.60
9.57
9.53
9.49
9.46
9.42
9.39
9.35
9.31
9.28
9.24
9.21
9.17
9.14
9.11
9.07
9.04
9.01
8.98
8.95
8.92
8.89
8.86
8.83
8.81
8.78
8.76
8.74
8.72
8.70
8.69
8.67
8.66
8.64
8.63
8.63
8.62
8.61
8.61
8.61
8.61
8.61
8.61
8.62
8.62
8.63
8.64
8.66
8.67
8.69
8.71
8.73
8.76
8.79
8.82
8.85
8.89
8.93
8.97
9.01
9.05
9.08
9.11
9.14
9.17
9.19
9.21
9.23
9.25
9.26
9.28
9.29
9.31
9.32
9.33
9.34
9.34
9.35
9.36
9.36
9.37
9.37
9.37
9.37
9.38
9.38
9.37
9.37
9.37
9.37
9.36
9.36
9.35
9.35
9.34
9.33
9.33
9.32
9.31
9.30
9.29
9.28
9.27
9.26
9.25
9.24
9.23
9.23
9.22
9.21
9.21
9.20
9.20
9.19
9.19
9.19
9.19
9.19
9.19
9.19
9.19
9.20
9.20
9.21
9.21
9.22
9.23
9.24
9.25
9.26
9.27
9.29
9.30
9.32
9.34
9.35
9.38
9.40
9.42
9.45
9.48
9.51
9.54
9.58
9.62
9.66
9.71
9.75
9.79
9.83
9.87
9.91
9.94
9.96
9.99
10.01
10.03
10.05
10.07
10.08
10.10
10.11
10.12
10.12
10.13
10.14
10.14
10.14
10.14
10.14
10.14
10.13
10.13
10.12
10.12
10.11
10.10
10.08
10.07
10.06
10.04
10.02
10.01
9.99
9.97
9.94
9.92
9.90
9.87
9.85
9.82
9.80
9.77
9.74
9.71
9.68
9.66
9.63
9.60
9.57
9.54
9.51
9.48
9.45
9.42
9.39
9.36
9.34
9.31
9.28
9.25
9.23
9.20
9.18
9.16
9.13
9.11
9.09
9.07
9.05
9.04
9.02
9.01
8.99
8.98
8.97
8.96
8.95
8.95
8.94
8.94
8.94
8.93
8.93
8.94
8.94
8.95
8.95
8.96
8.97
8.98
9.00
9.01
9.03
9.05
9.07
9.10
9.13
9.16
9.19
9.23
9.27
9.31
9.35
9.39
9.42
9.45
9.48
9.51
9.53
9.55
9.57
9.59
9.60
9.62
9.63
9.64
9.65
9.66
9.66
9.67
9.67
9.67
9.67
9.67
9.67
9.67
9.67
9.66
9.66
9.65
9.64
9.63
9.62
9.61
9.60
9.59
9.58
9.56
9.55
9.53
9.51
9.50
9.48
9.46
9.44
9.42
9.40
9.38
9.36
9.34
9.32
9.30
9.28
9.26
9.24
9.22
9.20
9.18
9.16
9.15
9.13
9.12
9.10
9.09
9.07
9.06
9.05
9.04
9.03
9.02
9.02
9.01
9.01
9.00
9.00
9.00
9.00
9.00
9.00
9.00
9.01
9.01
9.02
9.03
9.04
9.05
9.06
9.08
9.09
9.11
9.13
9.15
9.17
9.19
9.22
9.25
9.28
9.32
9.36
9.40
9.44
9.48
9.52
9.56
9.59
9.63
9.66
9.68
9.71
9.73
9.75
9.77
9.78
9.80
9.81
9.82
9.83
9.84
9.85
9.85
9.86
9.86
9.87
9.87
9.87
9.87
9.87
9.87
9.86
9.86
9.85
9.84
9.84
9.83
9.82
9.81
9.80
9.78
9.77
9.76
9.74
9.73
9.71
9.69
9.68
9.66
9.64
9.62
9.60
9.58
9.56
9.54
9.52
9.50
9.48
9.46
9.44
9.42
9.40
9.38
9.36
9.34
9.32
9.30
9.29
9.27
9.25
9.24
9.22
9.21
9.20
9.18
9.17
9.16
9.15
9.14
9.13
9.13
9.12
9.12
9.11
9.11
9.11
9.11
9.11
9.11
9.11
9.11
9.12
9.12
9.13
9.14
9.15
9.16
9.17
9.18
9.20
9.22
9.24
9.26
9.28
9.31
9.34
9.37
9.40
9.44
9.48
9.52
9.55
9.59
9.62
9.65
9.68
9.71
9.73
9.75
9.77
9.78
9.80
9.81
9.82
9.83
9.84
9.84
9.85
9.85
9.86
9.86
9.86
9.86
9.85
9.85
9.85
9.84
9.84
9.83
9.82
9.81
9.80
9.79
9.78
9.77
9.75
9.74
9.72
9.71
9.69
9.67
9.65
9.64
9.62
9.60
9.58
9.56
9.54
9.51
9.49
9.47
9.45
9.43
9.41
9.38
9.36
9.34
9.32
9.29
9.27
9.25
9.23
9.20
9.18
9.16
9.14
9.12
9.09
9.07
9.05
9.03
9.01
8.99
8.98
8.96
8.94
8.92
8.91
8.89
8.87
8.86
8.85
8.83
8.82
8.81
8.80
8.79
8.78
8.77
8.76
8.76
8.75
8.75
8.74
8.74
8.74
8.74
8.74
8.74
8.74
8.75
8.75
8.76
8.76
8.77
8.78
8.79
8.80
8.81
8.83
8.84
8.86
8.88
8.90
8.92
8.94
8.97
8.99
9.02
9.06
9.09
9.13
9.17
9.21
9.25
9.29
9.33
9.37
9.40
9.43
9.46
9.49
9.52
9.54
9.56
9.58
9.60
9.62
9.64
9.66
9.67
9.69
9.70
9.71
9.72
9.74
9.75
9.76
9.76
9.77
9.78
9.79
9.79
9.80
9.81
9.81
9.82
9.82
9.82
9.83
9.83
9.83
9.83
9.83
9.83
9.83
9.83
9.83
9.83
9.83
9.83
9.83
9.83
9.82
9.82
9.82
9.81
9.81
9.80
9.80
9.79
9.79
9.78
9.78
9.77
9.77
9.76
9.75
9.75
9.74
9.73
9.73
9.72
9.71
9.70
9.70
9.69
9.68
9.67
9.67
9.66
9.65
9.65
9.64
9.63
9.62
9.62
9.61
9.60
9.60
9.59
9.59
9.58
9.57
9.57
9.56
9.56
9.56
9.55
9.55
9.55
9.54
9.54
9.54
9.54
9.54
9.54
9.54
9.54
9.54
9.55
9.55
9.55
9.56
9.56
9.57
9.58
9.59
9.60
9.61
9.62
9.64
9.65
9.67
9.69
9.71
9.73
9.75
9.78
9.81
9.84
9.86
9.89
9.91
9.94
9.96
9.98
9.99
10.01
10.02
10.03
10.04
10.04
10.05
10.05
10.05
10.05
10.05
10.05
10.05
10.04
10.04
10.03
10.02
10.01
10.00
9.99
9.98
9.96
9.95
9.93
9.92
9.90
9.88
9.87
9.85
9.83
9.81
9.79
9.77
9.75
9.73
9.70
9.68
9.66
9.64
9.62
9.59
9.57
9.55
9.53
9.51
9.48
9.46
9.44
9.42
9.40
9.37
9.35
9.33
9.31
9.29
9.27
9.25
9.23
9.21
9.19
9.17
9.15
9.13
9.11
9.09
9.07
9.05
9.03
9.01
9.00
8.98
8.96
8.94
8.92
8.90
8.88
8.86
8.84
8.82
8.80
8.78
8.76
8.74
8.72
8.70
8.67
8.65
8.63
8.60
8.58
8.56
8.53
8.51
8.48
8.46
8.44
8.42
8.40
8.38
8.36
8.34
8.33
8.31
8.30
8.29
8.28
8.27
8.26
8.26
8.25
8.24
8.24
8.24
8.24
8.23
8.23
8.23
8.24
8.24
8.24
8.25
8.25
8.26
8.26
8.27
8.28
8.29
8.30
8.31
8.32
8.33
8.34
8.36
8.37
8.38
8.40
8.42
8.43
8.45
8.47
8.49
8.50
8.52
8.54
8.56
8.59
8.61
8.63
8.65
8.68
8.70
8.72
8.75
8.77
8.80
8.83
8.85
8.88
8.91
8.94
8.97
9.00
9.03
9.07
9.10
9.14
9.17
9.21
9.25
9.29
9.33
9.37
9.41
9.46
9.50
9.54
9.58
9.62
9.66
9.70
9.74
9.77
9.81
9.84
9.87
9.90
9.93
9.96
9.99
10.02
10.04
10.07
10.10
10.12
10.15
10.17
10.19
10.22
10.24
10.26
10.28
10.30
10.32
10.34
10.36
10.38
10.40
10.41
10.43
10.45
10.46
10.47
10.49
10.50
10.51
10.53
10.54
10.55
10.56
10.57
10.58
10.58
10.59
10.60
10.61
10.61
10.61
10.61
10.62
10.62
10.62
10.61
10.61
10.61
10.61
10.60
10.60
10.59
10.58
10.57
10.56
10.55
10.54
10.53
10.50
10.48
10.47
10.45
10.43
10.41
10.38
10.36
10.34
10.32
10.29
10.27
10.24
10.22
10.20
10.17
10.15
10.13
10.11
10.09
10.07
10.05
10.03
10.01
9.99
9.97
9.95
9.93
9.91
9.89
9.87
9.85
9.83
9.81
9.79
9.77
9.75
9.73
9.72
9.70
9.68
9.66
9.64
9.62
9.60
9.58
9.56
9.54
9.52
9.50
9.47
9.45
9.43
9.41
9.39
9.37
9.35
9.33
9.31
9.29
9.27
9.25
9.23
9.21
9.19
9.17
9.15
9.14
9.12
9.10
9.09
9.07
9.05
9.04
9.03
9.01
9.00
8.99
8.98
8.97
8.96
8.95
8.95
8.94
8.94
8.93
8.93
8.93
8.93
8.94
8.94
8.94
8.95
8.96
8.97
8.98
9.00
9.02
9.03
9.05
9.08
9.10
9.12
9.14
9.16
9.18
9.20
9.22
9.23
9.24
9.25
9.26
9.27
9.28
9.29
9.29
9.30
9.30
9.30
9.30
9.30
9.30
9.30
9.30
9.30
9.30
9.30
9.29
9.29
9.28
9.28
9.28
9.27
9.26
9.26
9.25
9.25
9.24
9.23
9.23
9.22
9.21
9.21
9.20
9.19
9.18
9.18
9.17
9.16
9.16
9.15
9.14
9.14
9.13
9.12
9.12
9.11
9.11
9.10
9.10
9.09
9.09
9.08
9.08
9.08
9.07
9.07
9.07
9.07
9.06
9.06
9.06
9.06
9.06
9.06
9.06
9.06
9.06
9.06
9.07
9.07
9.07
9.08
9.08
9.08
9.09
9.09
9.10
9.10
9.11
9.12
9.12
9.13
9.14
9.15
9.15
9.16
9.17
9.18
9.19
9.20
9.21
9.22
9.23
9.25
9.26
9.27
9.28
9.29
9.31
9.32
9.33
9.35
9.36
9.38
9.39
9.40
9.42
9.43
9.45
9.46
9.48
9.49
9.51
9.52
9.53
9.55
9.56
9.58
9.59
9.61
9.62
9.63
9.64
9.66
9.67
9.68
9.69
9.70
9.71
9.72
9.73
9.74
9.75
9.76
9.76
9.77
9.78
9.78
9.78
9.79
9.79
9.79
9.79
9.79
9.79
9.79
9.79
9.78
9.78
9.77
9.76
9.75
9.74
9.73
9.72
9.70
9.68
9.67
9.64
9.62
9.60
9.57
9.54
9.51
9.48
9.45
9.42
9.39
9.36
9.34
9.32
9.29
9.28
9.26
9.24
9.23
9.22
9.21
9.20
9.19
9.18
9.18
9.17
9.17
9.16
9.16
9.16
9.16
9.16
9.16
9.16
9.16
9.17
9.17
9.17
9.18
9.18
9.19
9.19
9.20
9.21
9.22
9.22
9.23
9.24
9.25
9.26
9.27
9.28
9.29
9.30
9.31
9.32
9.33
9.34
9.35
9.36
9.37
9.38
9.40
9.41
9.42
9.43
9.44
9.45
9.46
9.47
9.48
9.49
9.50
9.51
9.52
9.53
9.54
9.55
9.56
9.56
9.57
9.58
9.59
9.59
9.60
9.61
9.61
9.62
9.63
9.63
9.64
9.64
9.65
9.65
9.65
9.66
9.66
9.66
9.67
9.67
9.67
9.67
9.67
9.67
9.67
9.67
9.67
9.67
9.67
9.67
9.67
9.67
9.66
9.66
9.66
9.65
9.65
9.65
9.64
9.64
9.63
9.63
9.62
9.62
9.61
9.60
9.60
9.59
9.58
9.58
9.57
9.56
9.55
9.55
9.54
9.53
9.52
9.51
9.50
9.50
9.49
9.48
9.47
9.46
9.45
9.44
9.43
9.43
9.42
9.41
9.40
9.39
9.38
9.38
9.37
9.36
9.36
9.35
9.34
9.34
9.33
9.33
9.32
9.32
9.31
9.31
9.31
9.31
9.31
9.31
9.31
9.31
9.31
9.31
9.31
9.32
9.32
9.33
9.34
9.34
9.35
9.36
9.38
9.39
9.40
9.42
9.44
9.46
9.48
9.50
9.53
9.55
9.58
9.61
9.64
9.66
9.68
9.71
9.72
9.74
9.76
9.77
9.78
9.79
9.80
9.81
9.82
9.82
9.83
9.83
9.83
9.83
9.83
9.83
9.82
9.82
9.82
9.81
9.80
9.80
9.79
9.78
9.77
9.76
9.75
9.74
9.73
9.72
9.71
9.70
9.68
9.67
9.66
9.64
9.63
9.61
9.60
9.58
9.57
9.55
9.54
9.52
9.51
9.49
9.48
9.46
9.45
9.43
9.42
9.41
9.39
9.38
9.36
9.35
9.33
9.32
9.31
9.29
9.28
9.27
9.26
9.24
9.23
9.22
9.21
9.20
9.19
9.18
9.16
9.15
9.14
9.13
9.12
9.12
9.11
9.10
9.09
9.08
9.07
9.06
9.05
9.04
9.04
9.03
9.02
9.01
9.00
9.00
8.99
8.98
8.97
8.96
8.96
8.95
8.94
8.93
8.92
8.91
8.91
8.90
8.89
8.88
8.87
8.86
8.85
8.83
8.82
8.81
8.80
8.78
8.77
8.76
8.74
8.73
8.71
8.70
8.68
8.67
8.66
8.64
8.63
8.62
8.61
8.60
8.60
8.59
8.58
8.58
8.58
8.58
8.58
8.58
8.58
8.58
8.59
8.59
8.60
8.60
8.61
8.62
8.63
8.64
8.65
8.66
8.67
8.69
8.70
8.71
8.73
8.74
8.76
8.78
8.80
8.81
8.83
8.85
8.87
8.89
8.92
8.94
8.96
8.98
9.01
9.03
9.06
9.08
9.11
9.13
9.16
9.19
9.22
9.25
9.28
9.31
9.34
9.37
9.40
9.44
9.47
9.51
9.54
9.58
9.61
9.69
9.72
9.75
9.79
9.82
9.85
9.88
9.91
9.94
9.97
9.99
10.02
10.05
10.07
10.09
10.12
10.14
10.16
10.18
10.20
10.22
10.24
10.26
10.27
10.29
10.31
10.32
10.34
10.35
10.37
10.38
10.39
10.40
10.41
10.42
10.43
10.44
10.45
10.46
10.47
10.47
10.48
10.48
10.49
10.49
10.49
10.50
10.50
10.50
10.50
10.50
10.50
10.49
10.49
10.49
10.48
10.48
10.47
10.46
10.45
10.44
10.43
10.42
10.41
10.40
10.38
10.37
10.35
10.34
10.32
10.30
10.28
10.26
10.24
10.22
10.20
10.18
10.16
10.14
10.12
10.11
10.09
10.07
10.05
10.03
10.01
9.99
9.97
9.96
9.94
9.92
9.90
9.89
9.87
9.85
9.83
9.82
9.80
9.78
9.76
9.75
9.73
9.71
9.70
9.68
9.66
9.64
9.63
9.61
9.59
9.57
9.56
9.54
9.52
9.50
9.49
9.47
9.45
9.44
9.42
9.40
9.39
9.37
9.35
9.34
9.32
9.31
9.29
9.28
9.26
9.25
9.24
9.23
9.21
9.20
9.19
9.18
9.17
9.16
9.16
9.15
9.14
9.14
9.13
9.13
9.13
9.13
9.13
9.13
9.13
9.13
9.14
9.15
9.15
9.16
9.17
9.19
9.20
9.21
9.23
9.24
9.26
9.27
9.29
9.30
9.31
9.32
9.33
9.33
9.34
9.35
9.35
9.35
9.35
9.36
9.36
9.36
9.35
9.35
9.35
9.35
9.34
9.34
9.33
9.33
9.32
9.32
9.31
9.30
9.29
9.29
9.28
9.27
9.26
9.25
9.25
9.24
9.23
9.22
9.21
9.20
9.19
9.19
9.18
9.17
9.16
9.15
9.14
9.13
9.13
9.12
9.11
9.10
9.10
9.09
9.08
9.08
9.07
9.06
9.06
9.05
9.04
9.04
9.03
9.03
9.02
9.02
9.02
9.01
9.01
9.00
9.00
9.00
9.00
8.99
8.99
8.99
8.99
8.99
8.98
8.98
8.98
8.98
8.98
8.98
8.98
8.98
8.98
8.98
8.98
8.98
8.98
8.98
8.98
8.98
8.98
8.98
8.98
8.99
8.99
8.99
8.99
8.99
8.99
8.99
8.99
8.99
8.99
8.98
8.98
8.98
8.98
8.98
8.98
8.97
8.97
8.97
8.96
8.96
8.95
8.94
8.94
8.93
8.92
8.92
8.91
8.90
8.89
8.89
8.88
8.87
8.87
8.86
8.86
8.85
8.85
8.85
8.85
8.85
8.85
8.86
8.86
8.87
8.87
8.88
8.89
8.90
8.91
8.92
8.93
8.94
8.96
8.97
8.98
9.00
9.01
9.03
9.05
9.07
9.08
9.10
9.12
9.14
9.16
9.18
9.20
9.23
9.25
9.27
9.29
9.32
9.34
9.37
9.39
9.42
9.45
9.47
9.50
9.53
9.55
9.58
9.61
9.64
9.67
9.70
9.73
9.76
9.79
9.82
9.85
9.88
9.91
9.94
9.97
10.00
10.02
10.05
10.07
10.10
10.12
10.14
10.16
10.18
10.20
10.22
10.24
10.26
10.28
10.29
10.31
10.32
10.34
10.35
10.36
10.38
10.39
10.40
10.41
10.42
10.43
10.43
10.44
10.45
10.46
10.46
10.47
10.47
10.48
10.48
10.48
10.48
10.48
10.48
10.48
10.48
10.48
10.48
10.48
10.47
10.47
10.46
10.46
10.45
10.44
10.43
10.43
10.42
10.41
10.39
10.38
10.37
10.36
10.34
10.33
10.31
10.29
10.28
10.26
10.24
10.22
10.20
10.18
10.16
10.15
10.13
10.11
10.09
10.07
10.05
10.03
10.01
9.99
9.97
9.95
9.93
9.91
9.90
9.88
9.86
9.84
9.82
9.80
9.79
9.77
9.75
9.73
9.71
9.70
9.68
9.66
9.64
9.63
9.61
9.59
9.57
9.56
9.54
9.52
9.51
9.49
9.48
9.46
9.44
9.43
9.41
9.40
9.39
9.37
9.36
9.35
9.33
9.32
9.31
9.30
9.29
9.28
9.27
9.26
9.25
9.25
9.24
9.24
9.23
9.23
9.23
9.23
9.23
9.23
9.23
9.23
9.24
9.24
9.25
9.26
9.27
9.27
9.28
9.29
9.30
9.31
9.31
9.32
9.32
9.33
9.33
9.33
9.33
9.33
9.33
9.33
9.33
9.33
9.32
9.32
9.31
9.31
9.30
9.30
9.29
9.28
9.27
9.27
9.26
9.25
9.24
9.23
9.22
9.21
9.20
9.19
9.18
9.17
9.16
9.15
9.14
9.13
9.12
9.11
9.10
9.09
9.08
9.07
9.06
9.05
9.04
9.03
9.02
9.01
9.00
8.99
8.98
8.97
8.96
8.96
8.95
8.94
8.93
8.92
8.91
8.91
8.90
8.89
8.88
8.88
8.87
8.86
8.86
8.85
8.84
8.84
8.83
8.83
8.82
8.81
8.81
8.80
8.80
8.79
8.79
8.78
8.78
8.77
8.77
8.76
8.76
8.75
8.75
8.74
8.74
8.73
8.73
8.73
8.72
8.72
8.71
8.71
8.70
8.70
8.69
8.69
8.69
8.68
8.68
8.68
8.68
8.68
8.67
8.67
8.67
8.67
8.68
8.68
8.68
8.68
8.69
8.69
8.70
8.70
8.71
8.72
8.73
8.73
8.74
8.75
8.77
8.78
8.79
8.80
8.82
8.83
8.85
8.86
8.88
8.89
8.91
8.93
8.95
8.97
8.99
9.01
9.03
9.05
9.07
9.10
9.12
9.14
9.17
9.19
9.22
9.24
9.27
9.30
9.32
9.35
9.37
9.40
9.43
9.45
9.48
9.51
9.53
9.56
9.58
9.61
9.63
9.65
9.68
9.70
9.72
9.74
9.76
9.79
9.81
9.82
9.84
9.86
9.88
9.90
9.91
9.93
9.94
9.96
9.97
9.98
10.00
10.01
10.02
10.03
10.04
10.05
10.06
10.06
10.07
10.08
10.08
10.09
10.09
10.10
10.10
10.10
10.10
10.10
10.11
10.11
10.11
10.11
10.10
10.10
10.10
10.10
10.10
10.10
10.10
10.09
10.09
10.09
10.09
10.08
10.08
10.08
10.08
10.08
10.07
10.07
10.07
10.07
10.07
10.06
10.06
10.06
10.06
10.05
10.05
10.05
10.05
10.04
10.04
10.04
10.03
10.03
10.03
10.02
10.02
10.02
10.01
10.01
10.00
10.00
9.99
9.99
9.98
9.98
9.97
9.97
9.96
9.96
9.95
9.94
9.94
9.93
9.92
9.92
9.91
