0.00
-0.00
-0.00
-0.00
0.00
0.00
0.00
0.00
0.00
-0.00
-0.00
-0.00
-0.00
-0.00
-0.00
-0.00
-0.00
-0.00
-0.00
-0.00
-0.00
-0.00
-0.00
-0.00
-0.00
-0.00
-0.00
-0.00
-0.00
-0.00
-0.00
-0.00
-0.00
-0.00
-0.00
-0.00
-0.00
-0.00
-0.00
-0.00
-0.00
-0.00
-0.00
-0.00
-0.00
-0.00
-0.00
-0.00
-0.00
-0.00
-0.00
-0.00
-0.00
-0.00
-0.00
-0.00
-0.00
-0.00
-0.00
-0.00
-0.00
-0.00
-0.00
-0.00
-0.00
-0.00
-0.00
-0.00
-0.00
-0.00
-0.00
-0.00
-0.00
-0.00
-0.00
-0.00
-0.00
-0.00
-0.00
-0.00
-0.00
-0.00
-0.00
-0.00
-0.00
-0.00
-0.00
-0.00
-0.00
-0.00
-0.00
-0.00
-0.00
-0.00
-0.00
-0.00
-0.00
-0.00
-0.00
-0.00
-0.00
-0.00
-0.00
-0.00
-0.00
-0.00
-0.00
-0.00
-0.00
-0.00
-0.00
-0.00
-0.00
-0.00
-0.00
-0.00
-0.00
-0.00
-0.00
-0.00
-0.00
-0.00
-0.00
-0.00
-0.00
-0.00
-0.00
-0.00
-0.00
-0.00
-0.00
-0.00
-0.00
-0.00
-0.00
-0.00
-0.00
-0.00
-0.00
-0.00
-0.00
-0.00
-0.00
-0.00
-0.00
-0.00
-0.00
-0.00
-0.00
-0.00
-0.00
-0.00
-0.00
-0.00
-0.00
-0.00
-0.00
-0.00
-0.00
-0.00
-0.00
-0.00
-0.00
-0.00
-0.00
-0.00
-0.00
-0.00
-0.00
-0.00
-0.00
-0.00
-0.00
-0.00
-0.00
-0.00
-0.00
-0.00
-0.00
-0.00
-0.00
-0.00
-0.00
-0.00
-0.00
-0.00
-0.00
-0.00
-0.00
-0.00
-0.00
-0.00
-0.00
-0.00
-0.00
-0.00
-0.00
-0.00
-0.00
-0.00
-0.00
-0.00
-0.00
-0.00
-0.00
-0.00
-0.00
-0.00
-0.00
-0.00
-0.00
-0.00
-0.00
-0.00
-0.00
-0.00
-0.00
-0.00
-0.00
-0.00
-0.00
-0.00
-0.00
-0.00
-0.00
-0.00
-0.00
-0.00
-0.00
-0.00
-0.00
-0.00
-0.00
-0.00
-0.00
-0.00
-0.00
-0.00
-0.00
-0.00
-0.00
-0.00
-0.00
-0.00
-0.00
-0.00
-0.00
-0.00
-0.00
-0.00
-0.00
-0.00
-0.00
-0.00
-0.00
-0.00
-0.00
-0.00
-0.00
-0.00
-0.00
-0.00
-0.00
-0.00
-0.00
-0.00
-0.00
-0.00
-0.00
-0.00
-0.00
-0.00
-0.00
-0.00
-0.00
-0.00
-0.00
-0.00
-0.00
-0.00
-0.00
-0.00
-0.00
-0.00
-0.00
-0.00
-0.00
-0.00
-0.00
-0.00
-0.00
-0.00
-0.00
-0.00
-0.00
-0.00
-0.00
-0.00
-0.00
-0.00
-0.00
-0.00
-0.00
-0.00
-0.00
-0.00
-0.00
-0.00
-0.00
-0.00
-0.00
-0.00
-0.00
-0.00
-0.00
-0.00
-0.00
-0.00
-0.00
-0.00
-0.00
-0.00
-0.01
-0.01
-0.01
-0.01
-0.01
-0.01
-0.01
-0.01
-0.01
-0.01
-0.01
-0.01
-0.01
-0.01
-0.01
-0.01
-0.01
-0.01
-0.02
-0.02
-0.02
-0.02
-0.02
-0.02
-0.02
-0.02
-0.03
-0.03
-0.03
-0.03
-0.03
-0.04
-0.04
-0.04
-0.04
-0.05
-0.05
-0.05
-0.06
-0.06
-0.06
-0.07
-0.07
-0.08
-0.08
-0.08
-0.09
-0.10
-0.10
-0.11
-0.11
-0.12
-0.13
-0.14
-0.14
-0.15
-0.16
-0.17
-0.18
-0.19
-0.20
-0.21
-0.22
-0.23
-0.24
-0.25
-0.27
-0.28
-0.29
-0.30
-0.32
-0.33
-0.34
-0.36
-0.37
-0.38
-0.40
-0.41
-0.43
-0.44
-0.46
-0.47
-0.48
-0.50
-0.51
-0.53
-0.54
-0.55
-0.57
-0.58
-0.59
-0.60
-0.62
-0.63
-0.64
-0.65
-0.66
-0.67
-0.68
-0.69
-0.69
-0.70
-0.70
-0.71
-0.72
-0.72
-0.73
-0.73
-0.74
-0.75
-0.76
-0.78
-0.79
-0.81
-0.83
-0.85
-0.87
-0.90
-0.93
-0.96
-0.99
-1.02
-1.05
-1.09
-1.13
-1.17
-1.21
-1.26
-1.30
-1.35
-1.40
-1.46
-1.51
-1.58
-1.64
-1.72
-1.79
-1.87
-1.95
-2.03
-2.11
-2.18
-2.25
-2.32
-2.38
-2.44
-2.50
-2.56
-2.62
-2.68
-2.74
-2.81
-2.87
-2.93
-2.99
-3.05
-3.11
-3.18
-3.24
-3.30
-3.36
-3.42
-3.48
-3.54
-3.59
-3.64
-3.69
-3.74
-3.78
-3.82
-3.85
-3.88
-3.90
-3.92
-3.93
-3.93
-3.93
-3.93
-3.91
-3.89
-3.87
-3.84
-3.80
-3.77
-3.74
-3.72
-3.71
-3.70
-3.69
-3.69
-3.69
-3.70
-3.71
-3.72
-3.73
-3.75
-3.76
-3.79
-3.81
-3.83
-3.86
-3.88
-3.91
-3.94
-3.97
-4.00
-4.03
-4.06
-4.09
-4.12
-4.16
-4.19
-4.22
-4.25
-4.29
-4.32
-4.35
-4.38
-4.41
-4.44
-4.47
-4.50
-4.53
-4.56
-4.58
-4.61
-4.63
-4.66
-4.68
-4.70
-4.73
-4.75
-4.76
-4.78
-4.80
-4.81
-4.82
-4.83
-4.84
-4.84
-4.85
-4.85
-4.85
-4.84
-4.84
-4.83
-4.82
-4.81
-4.80
-4.78
-4.77
-4.75
-4.73
-4.71
-4.68
-4.66
-4.63
-4.60
-4.57
-4.54
-4.51
-4.47
-4.43
-4.39
-4.35
-4.31
-4.26
-4.21
-4.15
-4.03
-3.96
-3.89
-3.82
-3.76
-3.69
-3.63
-3.57
-3.51
-3.46
-3.41
-3.36
-3.31
-3.26
-3.21
-3.17
-3.12
-3.07
-3.03
-2.98
-2.94
-2.89
-2.85
-2.80
-2.76
-2.72
-2.67
-2.63
-2.59
-2.55
-2.51
-2.47
-2.44
-2.40
-2.37
-2.34
-2.31
-2.28
-2.26
-2.24
-2.22
-2.20
-2.19
-2.18
-2.17
-2.17
-2.16
-2.17
-2.17
-2.18
-2.19
-2.21
-2.23
-2.25
-2.28
-2.31
-2.34
-2.37
-2.40
-2.43
-2.46
-2.48
-2.50
-2.52
-2.54
-2.55
-2.57
-2.58
-2.59
-2.60
-2.61
-2.62
-2.63
-2.64
-2.65
-2.66
-2.66
-2.67
-2.68
-2.69
-2.69
-2.70
-2.71
-2.72
-2.73
-2.73
-2.74
-2.75
-2.76
-2.77
-2.79
-2.80
-2.81
-2.82
-2.84
-2.85
-2.87
-2.88
-2.90
-2.92
-2.93
-2.95
-2.97
-2.99
-3.01
-3.04
-3.06
-3.08
-3.11
-3.13
-3.16
-3.18
-3.21
-3.23
-3.26
-3.29
-3.31
-3.34
-3.37
-3.39
-3.42
-3.45
-3.47
-3.50
-3.53
-3.55
-3.58
-3.61
-3.63
-3.66
-3.68
-3.70
-3.73
-3.75
-3.77
-3.79
-3.82
-3.84
-3.86
-3.87
-3.89
-3.91
-3.92
-3.94
-3.95
-3.97
-3.98
-3.99
-4.00
-4.01
-4.01
-4.02
-4.02
-4.03
-4.03
-4.03
-4.03
-4.03
-4.03
-4.02
-4.02
-4.01
-4.00
-3.99
-3.98
-3.97
-3.96
-3.94
-3.93
-3.91
-3.89
-3.87
-3.84
-3.82
-3.79
-3.76
-3.73
-3.70
-3.66
-3.63
-3.58
-3.54
-3.49
-3.44
-3.39
-3.33
-3.28
-3.23
-3.18
-3.14
-3.10
-3.06
-3.03
-3.00
-2.97
-2.94
-2.91
-2.88
-2.86
-2.83
-2.81
-2.79
-2.77
-2.74
-2.72
-2.71
-2.69
-2.67
-2.65
-2.63
-2.62
-2.60
-2.58
-2.57
-2.55
-2.54
-2.53
-2.51
-2.50
-2.49
-2.48
-2.47
-2.46
-2.45
-2.44
-2.43
-2.42
-2.42
-2.41
-2.40
-2.40
-2.40
-2.39
-2.39
-2.39
-2.39
-2.39
-2.40
-2.40
-2.40
-2.41
-2.41
-2.42
-2.43
-2.44
-2.45
-2.46
-2.48
-2.49
-2.51
-2.52
-2.54
-2.56
-2.59
-2.61
-2.64
-2.67
-2.70
-2.73
-2.76
-2.80
-2.84
-2.88
-2.92
-2.96
-3.00
-3.03
-3.07
-3.10
-3.13
-3.16
-3.18
-3.21
-3.23
-3.26
-3.28
-3.30
-3.32
-3.34
-3.35
-3.37
-3.39
-3.40
-3.42
-3.43
-3.45
-3.46
-3.47
-3.49
-3.50
-3.51
-3.52
-3.53
-3.54
-3.55
-3.56
-3.57
-3.57
-3.58
-3.59
-3.59
-3.60
-3.60
-3.60
-3.61
-3.61
-3.61
-3.61
-3.61
-3.61
-3.60
-3.60
-3.60
-3.59
-3.58
-3.58
-3.57
-3.56
-3.54
-3.53
-3.52
-3.50
-3.48
-3.46
-3.44
-3.42
-3.40
-3.37
-3.35
-3.32
-3.29
-3.27
-3.24
-3.22
-3.20
-3.17
-3.15
-3.13
-3.12
-3.10
-3.09
-3.07
-3.06
-3.05
-3.04
-3.03
-3.02
-3.01
-3.00
-2.99
-2.99
-2.98
-2.98
-2.97
-2.97
-2.96
-2.96
-2.96
-2.95
-2.95
-2.95
-2.95
-2.95
-2.95
-2.95
-2.95
-2.95
-2.96
-2.96
-2.96
-2.97
-2.97
-2.98
-2.98
-2.99
-2.99
-3.00
-3.01
-3.02
-3.03
-3.04
-3.05
-3.06
-3.08
-3.09
-3.11
-3.12
-3.14
-3.16
-3.17
-3.19
-3.21
-3.23
-3.24
-3.26
-3.28
-3.29
-3.31
-3.32
-3.33
-3.34
-3.35
-3.36
-3.37
-3.37
-3.38
-3.38
-3.38
-3.39
-3.39
-3.39
-3.39
-3.39
-3.38
-3.38
-3.38
-3.37
-3.37
-3.36
-3.36
-3.35
-3.34
-3.34
-3.33
-3.32
-3.31
-3.30
-3.29
-3.27
-3.26
-3.25
-3.24
-3.22
-3.21
-3.19
-3.18
-3.16
-3.14
-3.13
-3.11
-3.09
-3.08
-3.06
-3.04
-3.02
-3.01
-2.99
-2.97
-2.96
-2.94
-2.93
-2.92
-2.90
-2.89
-2.88
-2.87
-2.86
-2.85
-2.84
-2.84
-2.83
-2.83
-2.82
-2.82
-2.82
-2.82
-2.81
-2.81
-2.82
-2.82
-2.82
-2.82
-2.83
-2.83
-2.84
-2.84
-2.85
-2.86
-2.86
-2.87
-2.88
-2.89
-2.90
-2.91
-2.92
-2.94
-2.95
-2.96
-2.97
-2.99
-3.00
-3.01
-3.03
-3.04
-3.05
-3.06
-3.08
-3.09
-3.10
-3.11
-3.12
-3.13
-3.14
-3.15
-3.16
-3.17
-3.18
-3.19
-3.20
-3.20
-3.21
-3.22
-3.22
-3.23
-3.23
-3.23
-3.24
-3.24
-3.24
-3.24
-3.25
-3.25
-3.25
-3.25
-3.25
-3.25
-3.25
-3.24
-3.24
-3.24
-3.24
-3.23
-3.23
-3.23
-3.22
-3.22
-3.22
-3.21
-3.21
-3.20
-3.20
-3.20
-3.19
-3.19
-3.19
-3.18
-3.18
-3.18
-3.18
-3.18
-3.17
-3.17
-3.17
-3.17
-3.17
-3.17
-3.17
-3.17
-3.17
-3.18
-3.18
-3.18
-3.18
-3.18
-3.19
-3.19
-3.19
-3.20
-3.20
-3.20
-3.21
-3.21
-3.22
-3.22
-3.23
-3.23
-3.24
-3.24
-3.25
-3.25
-3.26
-3.26
-3.27
-3.27
-3.28
-3.28
-3.28
-3.29
-3.29
-3.30
-3.30
-3.30
-3.31
-3.31
-3.31
-3.31
-3.31
-3.31
-3.32
-3.32
-3.32
-3.32
-3.31
-3.31
-3.31
-3.31
-3.31
-3.30
-3.30
-3.30
-3.29
-3.29
-3.29
-3.28
-3.28
-3.27
-3.26
-3.26
-3.25
-3.25
-3.24
-3.23
-3.23
-3.22
-3.21
-3.20
-3.20
-3.19
-3.18
-3.17
-3.17
-3.16
-3.15
-3.14
-3.14
-3.13
-3.12
-3.11
-3.11
-3.10
-3.09
-3.09
-3.08
-3.08
-3.07
-3.07
-3.06
-3.06
-3.05
-3.05
-3.04
-3.04
-3.03
-3.03
-3.03
-3.02
-3.02
-3.02
-3.02
-3.02
-3.01
-3.01
-3.01
-3.01
-3.01
-3.01
-3.01
-3.01
-3.01
-3.01
-3.01
-3.01
-3.01
-3.01
-3.01
-3.01
-3.02
-3.02
-3.02
-3.02
-3.02
-3.02
-3.02
-3.02
-3.02
-3.02
-3.02
-3.03
-3.03
-3.03
-3.03
-3.03
-3.03
-3.03
-3.03
-3.03
-3.03
-3.03
-3.03
-3.03
-3.03
-3.04
-3.04
-3.04
-3.04
-3.04
-3.04
-3.04
-3.04
-3.04
-3.04
-3.04
-3.04
-3.04
-3.04
-3.04
-3.04
-3.04
-3.05
-3.05
-3.05
-3.05
-3.05
-3.05
-3.05
-3.05
-3.06
-3.06
-3.06
-3.06
-3.06
-3.07
-3.07
-3.07
-3.07
-3.08
-3.08
-3.08
-3.09
-3.09
-3.09
-3.10
-3.10
-3.11
-3.11
-3.11
-3.12
-3.12
-3.13
-3.13
-3.14
-3.14
-3.15
-3.15
-3.16
-3.16
-3.17
-3.17
-3.18
-3.18
-3.19
-3.19
-3.20
-3.20
-3.20
-3.21
-3.21
-3.22
-3.22
-3.23
-3.23
-3.24
-3.24
-3.24
-3.25
-3.25
-3.25
-3.26
-3.26
-3.26
-3.27
-3.27
-3.27
-3.27
-3.28
-3.28
-3.28
-3.28
-3.28
-3.28
-3.28
-3.29
-3.29
-3.29
-3.29
-3.29
-3.29
-3.29
-3.29
-3.29
-3.29
-3.29
-3.29
-3.28
-3.28
-3.28
-3.28
-3.28
-3.28
-3.28
-3.28
-3.27
-3.27
-3.27
-3.27
-3.27
-3.26
-3.26
-3.26
-3.26
-3.26
-3.25
-3.25
-3.25
-3.25
-3.24
-3.24
-3.24
-3.24
-3.23
-3.23
-3.23
-3.23
-3.22
-3.22
-3.22
-3.21
-3.21
-3.21
-3.21
-3.20
-3.20
-3.20
-3.19
-3.19
-3.19
-3.19
-3.18
-3.18
-3.18
-3.17
-3.17
-3.17
-3.16
-3.16
-3.16
-3.15
-3.15
-3.15
-3.15
-3.14
-3.14
-3.14
-3.13
-3.13
-3.13
-3.12
-3.12
-3.12
-3.11
-3.11
-3.11
-3.10
-3.10
-3.09
-3.09
-3.09
-3.08
-3.08
-3.08
-3.07
-3.07
-3.07
-3.06
-3.06
-3.06
-3.06
-3.05
-3.05
-3.05
-3.04
-3.04
-3.04
-3.04
-3.03
-3.03
-3.03
-3.03
-3.02
-3.02
-3.02
-3.02
-3.02
-3.01
-3.01
-3.01
-3.01
-3.01
-3.01
-3.01
-3.00
-3.00
-3.00
-3.00
-3.00
-3.00
-3.00
-3.00
-3.00
-3.00
-3.00
-3.00
-3.00
-3.01
-3.01
-3.01
-3.01
-3.01
-3.01
-3.01
-3.02
-3.02
-3.02
-3.02
-3.02
-3.03
-3.03
-3.03
-3.03
-3.03
-3.04
-3.04
-3.04
-3.05
-3.05
-3.05
-3.05
-3.06
-3.06
-3.06
-3.07
-3.07
-3.07
-3.08
-3.08
-3.08
-3.09
-3.09
-3.10
-3.10
-3.10
-3.11
-3.11
-3.11
-3.12
-3.12
-3.12
-3.13
-3.13
-3.13
-3.14
-3.14
-3.15
-3.15
-3.15
-3.16
-3.16
-3.16
-3.17
-3.17
-3.17
-3.18
-3.18
-3.18
-3.19
-3.19
-3.19
-3.20
-3.20
-3.20
-3.21
-3.21
-3.21
-3.21
-3.22
-3.22
-3.22
-3.23
-3.23
-3.23
-3.23
-3.24
-3.24
-3.24
-3.24
-3.24
-3.25
-3.25
-3.25
-3.25
-3.25
-3.26
-3.26
-3.26
-3.26
-3.26
-3.26
-3.26
-3.27
-3.27
-3.27
-3.27
-3.27
-3.27
-3.27
-3.27
-3.27
-3.27
-3.27
-3.27
-3.27
-3.27
-3.27
-3.27
-3.27
-3.27
-3.27
-3.27
-3.27
-3.27
-3.27
-3.26
-3.26
-3.26
-3.26
-3.26
-3.26
-3.26
-3.25
-3.25
-3.25
-3.25
-3.24
-3.24
-3.24
-3.24
-3.23
-3.23
-3.23
-3.23
-3.22
-3.22
-3.22
-3.21
-3.21
-3.21
-3.21
-3.20
-3.20
-3.20
-3.19
-3.19
-3.19
-3.18
-3.18
-3.17
-3.17
-3.17
-3.16
-3.16
-3.16
-3.15
-3.15
-3.15
-3.14
-3.14
-3.13
-3.13
-3.13
-3.12
-3.12
-3.12
-3.11
-3.11
-3.11
-3.10
-3.10
-3.10
-3.09
-3.09
-3.09
-3.08
-3.08
-3.08
-3.07
-3.07
-3.07
-3.06
-3.06
-3.06
-3.06
-3.05
-3.05
-3.05
-3.05
-3.04
-3.04
-3.04
-3.04
-3.03
-3.03
-3.03
-3.03
-3.03
-3.03
-3.02
-3.02
-3.02
-3.02
-3.02
-3.02
-3.02
-3.02
-3.02
-3.02
-3.02
-3.01
-3.01
-3.01
-3.01
-3.01
-3.01
-3.01
-3.01
-3.02
-3.02
-3.02
-3.02
-3.02
-3.02
-3.02
-3.02
-3.02
-3.02
-3.02
-3.03
-3.03
-3.03
-3.03
-3.03
-3.03
-3.04
-3.04
-3.04
-3.04
-3.04
-3.05
-3.05
-3.05
-3.05
-3.06
-3.06
-3.06
-3.06
-3.07
-3.07
-3.07
-3.08
-3.08
-3.08
-3.08
-3.09
-3.09
-3.09
-3.10
-3.10
-3.10
-3.11
-3.11
-3.11
-3.12
-3.12
-3.13
-3.13
-3.13
-3.14
-3.14
-3.14
-3.15
-3.15
-3.15
-3.16
-3.16
-3.16
-3.17
-3.17
-3.17
-3.18
-3.18
-3.18
-3.19
-3.19
-3.19
-3.20
-3.20
-3.20
-3.21
-3.21
-3.21
-3.22
-3.22
-3.22
-3.22
-3.23
-3.23
-3.23
-3.23
-3.24
-3.24
-3.24
-3.24
-3.25
-3.25
-3.25
-3.25
-3.25
-3.25
-3.26
-3.26
-3.26
-3.26
-3.26
-3.26
-3.26
-3.26
-3.26
-3.26
-3.27
-3.27
-3.27
-3.27
-3.27
-3.27
-3.27
-3.27
-3.27
-3.27
-3.27
-3.27
-3.26
-3.26
-3.26
-3.26
-3.26
-3.26
-3.26
-3.26
-3.26
-3.25
-3.25
-3.25
-3.25
-3.25
-3.25
-3.24
-3.24
-3.24
-3.24
-3.24
-3.23
-3.23
-3.23
-3.23
-3.22
-3.22
-3.22
-3.22
-3.21
-3.21
-3.21
-3.20
-3.20
-3.20
-3.19
-3.19
-3.19
-3.19
-3.18
-3.18
-3.18
-3.17
-3.17
-3.17
-3.16
-3.16
-3.16
-3.15
-3.15
-3.15
-3.14
-3.14
-3.13
-3.13
-3.13
-3.12
-3.12
-3.12
-3.11
-3.11
-3.11
-3.10
-3.10
-3.10
-3.09
-3.09
-3.09
-3.09
-3.08
-3.08
-3.08
-3.07
-3.07
-3.07
-3.07
-3.06
-3.06
-3.06
-3.06
-3.05
-3.05
-3.05
-3.05
-3.04
-3.04
-3.04
-3.04
-3.04
-3.03
-3.03
-3.03
-3.03
-3.03
-3.03
-3.03
-3.02
-3.02
-3.02
-3.02
-3.02
-3.02
-3.02
-3.02
-3.02
-3.02
-3.02
-3.02
-3.02
-3.02
-3.02
-3.02
-3.02
-3.02
-3.02
-3.02
-3.02
-3.02
-3.03
-3.03
-3.03
-3.03
-3.03
-3.03
-3.03
-3.03
-3.04
-3.04
-3.04
-3.04
-3.04
-3.05
-3.05
-3.05
-3.05
-3.06
-3.06
-3.06
-3.06
-3.07
-3.07
-3.07
-3.07
-3.08
-3.08
-3.08
-3.09
-3.09
-3.09
-3.09
-3.10
-3.10
-3.10
-3.11
-3.11
-3.11
-3.12
-3.12
-3.12
-3.13
-3.13
-3.13
-3.14
-3.14
-3.14
-3.15
-3.15
-3.15
-3.16
-3.16
-3.16
-3.17
-3.17
-3.17
-3.18
-3.18
-3.18
-3.19
-3.19
-3.19
-3.20
-3.20
-3.20
-3.20
-3.21
-3.21
-3.21
-3.22
-3.22
-3.22
-3.22
-3.23
-3.23
-3.23
-3.23
-3.23
-3.24
-3.24
-3.24
-3.24
-3.24
-3.25
-3.25
-3.25
-3.25
-3.25
-3.25
-3.25
-3.26
-3.26
-3.26
-3.26
-3.26
-3.26
-3.26
-3.26
-3.26
-3.26
-3.26
-3.26
-3.26
-3.26
-3.26
-3.26
-3.26
-3.26
-3.26
-3.26
-3.26
-3.26
-3.25
-3.25
-3.25
-3.25
-3.25
-3.25
-3.25
-3.24
-3.24
-3.24
-3.24
-3.24
-3.24
-3.23
-3.23
-3.23
-3.23
-3.22
-3.22
-3.22
-3.22
-3.21
-3.21
-3.21
-3.21
-3.20
-3.20
-3.20
-3.19
-3.19
-3.19
-3.19
-3.18
-3.18
-3.18
-3.17
-3.17
-3.17
-3.16
-3.16
-3.16
-3.15
-3.15
-3.15
-3.14
-3.14
-3.14
-3.13
-3.13
-3.13
-3.12
-3.12
-3.12
-3.11
-3.11
-3.11
-3.11
-3.10
-3.10
-3.10
-3.09
-3.09
-3.09
-3.08
-3.08
-3.08
-3.08
-3.07
-3.07
-3.07
-3.07
-3.06
-3.06
-3.06
-3.06
-3.05
-3.05
-3.05
-3.05
-3.05
-3.04
-3.04
-3.04
-3.04
-3.04
-3.04
-3.03
-3.03
-3.03
-3.03
-3.03
-3.03
-3.03
-3.03
-3.03
-3.03
-3.03
-3.03
-3.03
-3.03
-3.03
-3.03
-3.03
-3.03
-3.03
-3.03
-3.03
-3.03
-3.03
-3.03
-3.03
-3.03
-3.03
-3.03
-3.03
-3.04
-3.04
-3.04
-3.04
-3.04
-3.04
-3.05
-3.05
-3.05
-3.05
-3.05
-3.06
-3.06
-3.06
-3.06
-3.06
-3.07
-3.07
-3.07
-3.07
-3.08
-3.08
-3.08
-3.09
-3.09
-3.09
-3.09
-3.10
-3.10
-3.10
-3.11
-3.11
-3.11
-3.12
-3.12
-3.12
-3.13
-3.13
-3.13
-3.13
-3.14
-3.14
-3.14
-3.15
-3.15
-3.15
-3.16
-3.16
-3.16
-3.17
-3.17
-3.17
-3.18
-3.18
-3.18
-3.18
-3.19
-3.19
-3.19
-3.20
-3.20
-3.20
-3.20
-3.21
-3.21
-3.21
-3.21
-3.22
-3.22
-3.22
-3.22
-3.23
-3.23
-3.23
-3.23
-3.23
-3.24
-3.24
-3.24
-3.24
-3.24
-3.24
-3.25
-3.25
-3.25
-3.25
-3.25
-3.25
-3.25
-3.25
-3.25
-3.25
-3.25
-3.25
-3.25
-3.26
-3.26
-3.26
-3.26
-3.26
-3.25
-3.25
-3.25
-3.25
-3.25
-3.25
-3.25
-3.25
-3.25
-3.25
-3.25
-3.25
-3.25
-3.24
-3.24
-3.24
-3.24
-3.24
-3.24
-3.23
-3.23
-3.23
-3.23
-3.23
-3.22
-3.22
-3.22
-3.22
-3.22
-3.21
-3.21
-3.21
-3.21
-3.20
-3.20
-3.20
-3.19
-3.19
-3.19
-3.19
-3.18
-3.18
-3.18
-3.17
-3.17
-3.17
-3.17
-3.16
-3.16
-3.16
-3.15
-3.15
-3.15
-3.14
-3.14
-3.14
-3.13
-3.13
-3.13
-3.12
-3.12
-3.12
-3.12
-3.11
-3.11
-3.11
-3.10
-3.10
-3.10
-3.09
-3.09
-3.09
-3.09
-3.08
-3.08
-3.08
-3.08
-3.07
-3.07
-3.07
-3.07
-3.06
-3.06
-3.06
-3.06
-3.06
-3.05
-3.05
-3.05
-3.05
-3.05
-3.05
-3.04
-3.04
-3.04
-3.04
-3.04
-3.04
-3.04
-3.04
-3.03
-3.03
-3.03
-3.03
-3.03
-3.03
-3.03
-3.03
-3.03
-3.03
-3.03
-3.03
-3.03
-3.03
-3.03
-3.03
-3.03
-3.03
-3.03
-3.03
-3.04
-3.04
-3.04
-3.04
-3.04
-3.04
-3.04
-3.04
-3.05
-3.05
-3.05
-3.05
-3.05
-3.05
-3.06
-3.06
-3.06
-3.06
-3.06
-3.07
-3.07
-3.07
-3.07
-3.08
-3.08
-3.08
-3.08
-3.09
-3.09
-3.09
-3.09
-3.10
-3.10
-3.10
-3.11
-3.11
-3.11
-3.11
-3.12
-3.12
-3.12
-3.13
-3.13
-3.13
-3.14
-3.14
-3.14
-3.14
-3.15
-3.15
-3.15
-3.16
-3.16
-3.16
-3.17
-3.17
-3.17
-3.17
-3.18
-3.18
-3.18
-3.19
-3.19
-3.19
-3.19
-3.20
-3.20
-3.20
-3.20
-3.21
-3.21
-3.21
-3.21
-3.22
-3.22
-3.22
-3.22
-3.22
-3.23
-3.23
-3.23
-3.23
-3.23
-3.24
-3.24
-3.24
-3.24
-3.24
-3.24
-3.24
-3.24
-3.25
-3.25
-3.25
-3.25
-3.25
-3.25
-3.25
-3.25
-3.25
-3.25
-3.25
-3.25
-3.25
-3.25
-3.25
-3.25
-3.25
-3.25
-3.25
-3.25
-3.25
-3.25
-3.24
-3.24
-3.24
-3.24
-3.24
-3.24
-3.24
-3.24
-3.23
-3.23
-3.23
-3.23
-3.23
-3.23
-3.22
-3.22
-3.22
-3.22
-3.22
-3.21
-3.21
-3.21
-3.21
-3.20
-3.20
-3.20
-3.20
-3.19
-3.19
-3.19
-3.19
-3.18
-3.18
-3.18
-3.17
-3.17
-3.17
-3.17
-3.16
-3.16
-3.16
-3.15
-3.15
-3.15
-3.15
-3.14
-3.14
-3.14
-3.13
-3.13
-3.13
-3.12
-3.12
-3.12
-3.12
-3.11
-3.11
-3.11
-3.10
-3.10
-3.10
-3.10
-3.09
-3.09
-3.09
-3.09
-3.08
-3.08
-3.08
-3.08
-3.07
-3.07
-3.07
-3.07
