-0.00
0.00
0.00
0.00
0.00
0.00
0.00
0.00
0.00
0.00
0.00
0.00
0.00
0.00
0.00
0.00
0.00
0.00
0.00
0.00
0.00
0.00
0.00
0.00
0.00
0.00
0.00
0.00
0.00
0.00
0.00
0.00
0.00
0.00
0.00
0.00
0.00
0.00
0.00
0.00
0.00
0.00
0.00
0.00
0.00
0.00
0.00
0.00
0.00
0.00
0.00
0.00
0.00
0.00
0.00
0.00
0.00
0.00
0.00
0.00
0.00
0.00
0.00
0.00
0.00
0.00
0.00
0.00
0.00
0.00
0.00
0.00
0.00
0.00
0.00
0.00
0.00
0.00
0.00
0.00
0.00
0.00
0.00
0.00
0.00
0.00
0.00
0.00
0.00
0.00
0.00
0.00
0.00
0.00
0.00
0.00
0.00
0.00
0.00
0.00
0.00
0.00
0.00
0.00
0.00
0.00
0.00
0.00
0.00
0.00
0.00
0.00
0.00
0.00
0.00
0.00
0.00
0.00
0.00
0.00
0.00
0.00
0.00
0.00
0.00
0.00
0.00
0.00
0.00
0.00
0.00
0.00
0.00
0.00
0.00
0.00
0.00
0.00
0.00
0.00
0.00
0.00
0.00
0.00
0.00
0.00
0.00
0.00
0.00
0.00
0.00
0.00
0.00
0.00
0.00
0.00
0.00
0.00
0.00
0.00
0.00
0.00
0.00
0.00
0.00
0.00
0.00
0.00
0.00
0.00
0.00
0.00
0.00
0.00
0.00
0.00
0.00
0.00
0.00
0.00
0.00
0.00
0.00
0.00
0.00
0.00
0.00
0.00
0.00
0.00
0.00
0.00
0.00
0.00
0.00
0.00
0.00
0.00
0.00
0.00
0.00
0.00
0.00
0.00
0.00
0.00
0.00
0.00
0.00
0.00
0.00
0.00
0.00
0.00
0.00
0.00
0.00
0.00
0.00
0.00
0.00
0.00
0.00
0.00
0.00
0.00
0.00
0.00
0.00
0.00
0.00
0.00
0.00
0.00
0.00
0.00
0.00
0.00
0.00
0.00
0.00
0.00
0.00
0.00
0.00
0.00
0.00
0.00
0.00
0.00
0.00
0.00
0.00
0.00
0.00
0.00
0.00
0.00
0.00
0.00
0.00
0.00
0.00
0.00
0.00
0.00
0.00
0.00
0.00
0.00
0.00
0.00
0.00
0.00
0.00
0.00
0.00
0.00
0.00
0.00
0.00
0.00
0.00
0.00
0.00
0.00
0.00
0.00
0.00
0.00
0.00
0.00
0.00
0.00
0.00
0.00
0.00
0.00
0.00
0.00
0.00
0.00
0.00
0.00
0.00
0.01
0.01
0.01
0.01
0.01
0.01
0.01
0.01
0.01
0.01
0.01
0.01
0.01
0.01
0.01
0.01
0.01
0.01
0.02
0.02
0.02
0.02
0.02
0.02
0.02
0.02
0.03
0.03
0.03
0.03
0.03
0.04
0.04
0.04
0.04
0.05
0.05
0.05
0.05
0.06
0.06
0.07
0.07
0.07
0.08
0.08
0.09
0.10
0.10
0.11
0.12
0.12
0.13
0.14
0.15
0.16
0.17
0.18
0.19
0.20
0.21
0.23
0.24
0.26
0.27
0.29
0.31
0.33
0.35
0.37
0.39
0.41
0.44
0.46
0.49
0.52
0.55
0.58
0.61
0.64
0.67
0.71
0.74
0.78
0.82
0.86
0.90
0.94
0.98
1.02
1.07
1.11
1.16
1.21
1.25
1.30
1.35
1.40
1.45
1.51
1.56
1.61
1.67
1.72
1.78
1.84
1.89
1.95
2.01
2.07
2.13
2.20
2.26
2.33
2.39
2.46
2.53
2.60
2.67
2.74
2.81
2.89
2.97
3.04
3.12
3.20
3.28
3.35
3.43
3.51
3.59
3.67
3.74
3.82
3.90
3.98
4.05
4.13
4.21
4.30
4.38
4.47
4.56
4.65
4.74
4.84
4.94
5.05
5.17
5.29
5.42
5.56
5.71
5.88
6.05
6.24
6.43
6.60
6.77
6.92
7.06
7.18
7.30
7.41
7.50
7.59
7.68
7.75
7.82
7.88
7.94
7.99
8.03
8.07
8.10
8.12
8.14
8.15
8.15
8.14
8.13
8.11
8.08
8.05
8.01
7.96
7.90
7.84
7.77
7.69
7.61
7.52
7.41
7.30
7.18
7.05
6.90
6.74
6.56
6.37
6.18
6.00
5.83
5.68
5.54
5.41
5.29
5.18
5.08
4.99
4.91
4.82
4.75
4.68
4.61
4.54
4.48
4.42
4.37
4.32
4.27
4.22
4.17
4.13
4.08
4.04
4.00
3.96
3.92
3.89
3.85
3.81
3.78
3.74
3.71
3.67
3.63
3.60
3.56
3.53
3.49
3.45
3.41
3.37
3.33
3.29
3.25
3.21
3.16
3.12
3.08
3.03
2.98
2.94
2.89
2.84
2.79
2.74
2.69
2.64
2.59
2.54
2.49
2.44
2.38
2.33
2.27
2.22
2.16
2.10
2.04
1.98
1.91
1.85
1.78
1.71
1.63
1.56
1.48
1.40
1.31
1.22
1.12
1.01
0.90
0.78
0.65
0.51
0.36
0.21
0.04
-0.12
-0.28
-0.43
-0.57
-0.69
-0.81
-0.91
-1.01
-1.10
-1.18
-1.26
-1.33
-1.39
-1.45
-1.50
-1.55
-1.60
-1.63
-1.67
-1.70
-1.72
-1.74
-1.76
-1.77
-1.78
-1.78
-1.78
-1.77
-1.76
-1.74
-1.72
-1.70
-1.67
-1.64
-1.60
-1.56
-1.52
-1.47
-1.42
-1.36
-1.30
-1.24
-1.16
-1.09
-1.01
-0.92
-0.83
-0.73
-0.62
-0.51
-0.39
-0.26
-0.13
0.01
0.15
0.28
0.40
0.52
0.63
0.73
0.82
0.91
0.99
1.07
1.15
1.22
1.29
1.35
1.42
1.48
1.53
1.59
1.64
1.70
1.75
1.79
1.84
1.89
1.93
1.98
2.02
2.06
2.10
2.14
2.18
2.22
2.25
2.29
2.32
2.35
2.39
2.42
2.45
2.48
2.51
2.54
2.56
2.59
2.61
2.64
2.66
2.68
2.70
2.72
2.74
2.75
2.77
2.79
2.80
2.81
2.83
2.84
2.85
2.85
2.86
2.87
2.87
2.88
2.88
2.88
2.89
2.89
2.89
2.88
2.88
2.88
2.87
2.87
2.86
2.85
2.84
2.83
2.82
2.80
2.79
2.77
2.76
2.74
2.72
2.70
2.68
2.65
2.63
2.60
2.57
2.55
2.52
2.49
2.45
2.42
2.39
2.35
2.31
2.27
2.23
2.19
2.15
2.10
2.05
2.00
1.95
1.90
1.85
1.79
1.73
1.67
1.60
1.54
1.46
1.39
1.31
1.23
1.14
1.05
0.95
0.85
0.74
0.62
0.49
0.36
0.22
0.07
-0.08
-0.22
-0.36
-0.48
-0.60
-0.71
-0.80
-0.90
-0.98
-1.06
-1.13
-1.20
-1.26
-1.32
-1.38
-1.43
-1.48
-1.53
-1.57
-1.61
-1.65
-1.68
-1.71
-1.74
-1.77
-1.80
-1.82
-1.84
-1.86
-1.87
-1.89
-1.90
-1.91
-1.92
-1.92
-1.93
-1.93
-1.93
-1.93
-1.92
-1.92
-1.91
-1.90
-1.89
-1.88
-1.86
-1.84
-1.82
-1.80
-1.78
-1.76
-1.73
-1.70
-1.67
-1.64
-1.61
-1.57
-1.53
-1.49
-1.45
-1.40
-1.35
-1.30
-1.25
-1.19
-1.13
-1.07
-1.00
-0.93
-0.86
-0.78
-0.69
-0.60
-0.50
-0.40
-0.30
-0.19
-0.07
0.04
0.15
0.26
0.36
0.45
0.54
0.62
0.70
0.77
0.83
0.90
0.95
1.01
1.05
1.10
1.14
1.18
1.22
1.25
1.28
1.31
1.34
1.36
1.38
1.40
1.42
1.43
1.44
1.45
1.46
1.46
1.47
1.47
1.47
1.46
1.46
1.45
1.44
1.43
1.42
1.40
1.38
1.36
1.34
1.32
1.29
1.26
1.23
1.20
1.16
1.12
1.08
1.04
0.99
0.94
0.89
0.83
0.77
0.71
0.64
0.57
0.49
0.41
0.33
0.25
0.16
0.07
-0.02
-0.10
-0.19
-0.27
-0.35
-0.42
-0.49
-0.55
-0.61
-0.67
-0.72
-0.77
-0.81
-0.85
-0.89
-0.93
-0.96
-0.99
-1.02
-1.04
-1.06
-1.08
-1.10
-1.12
-1.13
-1.14
-1.15
-1.16
-1.16
-1.17
-1.17
-1.17
-1.16
-1.16
-1.15
-1.14
-1.13
-1.12
-1.10
-1.09
-1.07
-1.05
-1.02
-1.00
-0.97
-0.94
-0.91
-0.88
-0.84
-0.80
-0.76
-0.71
-0.67
-0.62
-0.57
-0.51
-0.46
-0.40
-0.34
-0.27
-0.21
-0.14
-0.08
-0.01
0.05
0.12
0.18
0.23
0.29
0.34
0.39
0.43
0.48
0.52
0.55
0.58
0.61
0.64
0.67
0.69
0.71
0.72
0.74
0.75
0.76
0.77
0.77
0.78
0.78
0.77
0.77
0.77
0.76
0.75
0.74
0.72
0.70
0.69
0.67
0.64
0.62
0.59
0.56
0.53
0.50
0.47
0.43
0.39
0.35
0.31
0.27
0.23
0.19
0.14
0.10
0.05
0.01
-0.03
-0.07
-0.11
-0.15
-0.19
-0.22
-0.26
-0.29
-0.31
-0.34
-0.36
-0.38
-0.40
-0.42
-0.43
-0.45
-0.46
-0.47
-0.47
-0.48
-0.48
-0.48
-0.48
-0.47
-0.47
-0.46
-0.45
-0.44
-0.42
-0.41
-0.39
-0.37
-0.35
-0.33
-0.28
-0.25
-0.23
-0.20
-0.17
-0.14
-0.11
-0.08
-0.05
-0.01
0.02
0.05
0.08
0.11
0.14
0.16
0.19
0.21
0.24
0.26
0.28
0.30
0.32
0.33
0.35
0.36
0.37
0.38
0.39
0.39
0.40
0.40
0.40
0.40
0.40
0.39
0.39
0.38
0.37
0.36
0.35
0.34
0.32
0.31
0.29
0.27
0.25
0.23
0.21
0.19
0.17
0.14
0.12
0.09
0.07
0.04
0.02
-0.00
-0.03
-0.05
-0.08
-0.10
-0.12
-0.14
-0.16
-0.18
-0.20
-0.22
-0.23
-0.25
-0.26
-0.27
-0.29
-0.29
-0.30
-0.31
-0.32
-0.32
-0.32
-0.33
-0.33
-0.33
-0.33
-0.32
-0.32
-0.32
-0.31
-0.30
-0.29
-0.29
-0.28
-0.27
-0.25
-0.24
-0.23
-0.22
-0.20
-0.19
-0.17
-0.16
-0.14
-0.13
-0.11
-0.09
-0.08
-0.06
-0.05
-0.03
-0.02
-0.00
0.01
0.03
0.04
0.05
0.06
0.07
0.08
0.09
0.10
0.11
0.12
0.12
0.13
0.13
0.13
0.14
0.14
0.14
0.14
0.14
0.14
0.13
0.13
0.12
0.12
0.11
0.11
0.10
0.09
0.09
0.08
0.07
0.06
0.05
0.04
0.03
0.02
0.02
0.01
-0.00
-0.01
-0.02
-0.03
-0.04
-0.05
-0.05
-0.06
-0.07
-0.07
-0.08
-0.09
-0.09
-0.09
-0.10
-0.10
-0.10
-0.10
-0.11
-0.11
-0.11
-0.10
-0.10
-0.10
-0.10
-0.09
-0.09
-0.09
-0.08
-0.07
-0.07
-0.06
-0.06
-0.05
-0.04
-0.03
-0.02
-0.02
-0.01
0.00
0.01
0.02
0.03
0.04
0.04
0.05
0.06
0.07
0.08
0.09
0.09
0.10
0.11
0.11
0.12
0.12
0.13
0.13
0.14
0.14
0.15
0.15
0.15
0.15
0.16
0.16
0.16
0.16
0.16
0.15
0.15
0.15
0.15
0.15
0.14
0.14
0.14
0.13
0.13
0.12
0.12
0.11
0.11
0.10
0.09
0.09
0.08
0.07
0.07
0.06
0.05
0.05
0.04
0.03
0.03
0.02
0.02
0.01
0.00
-0.00
-0.01
-0.01
-0.02
-0.02
-0.03
-0.03
-0.04
-0.04
-0.04
-0.04
-0.05
-0.05
-0.05
-0.05
-0.05
-0.06
-0.06
-0.06
-0.06
-0.06
-0.06
-0.06
-0.05
-0.05
-0.05
-0.05
-0.05
-0.05
-0.05
-0.04
-0.04
-0.04
-0.04
-0.04
-0.03
-0.03
-0.03
-0.03
-0.02
-0.02
-0.02
-0.02
-0.02
-0.02
-0.01
-0.01
-0.01
-0.01
-0.01
-0.01
-0.01
-0.01
-0.01
-0.01
-0.01
-0.01
-0.01
-0.01
-0.01
-0.01
-0.01
-0.02
-0.02
-0.02
-0.02
-0.02
-0.02
-0.03
-0.03
-0.03
-0.03
-0.04
-0.04
-0.04
-0.05
-0.05
-0.05
-0.05
-0.06
-0.06
-0.06
-0.06
-0.07
-0.07
-0.07
-0.07
-0.07
-0.08
-0.08
-0.08
-0.08
-0.08
-0.08
-0.08
-0.08
-0.08
-0.08
-0.08
-0.08
-0.08
-0.08
-0.08
-0.08
-0.08
-0.08
-0.07
-0.07
-0.07
-0.07
-0.07
-0.06
-0.06
-0.06
-0.05
-0.05
-0.05
-0.04
-0.04
-0.04
-0.03
-0.03
-0.03
-0.02
-0.02
-0.02
-0.01
-0.01
-0.00
-0.00
0.00
0.01
0.01
0.01
0.02
0.02
0.02
0.02
0.03
0.03
0.03
0.04
0.04
0.04
0.04
0.04
0.05
0.05
0.05
0.05
0.05
0.05
0.05
0.05
0.06
0.06
0.06
0.06
0.06
0.06
0.06
0.06
0.06
0.06
0.06
0.06
0.06
0.06
0.06
0.06
0.05
0.05
0.05
0.05
0.05
0.05
0.05
0.05
0.05
0.05
0.05
0.05
0.05
0.05
0.05
0.05
0.05
0.05
0.05
0.05
0.05
0.05
0.05
0.05
0.05
0.05
0.05
0.05
0.05
0.05
0.05
0.05
0.05
0.05
0.05
0.05
0.05
0.05
0.05
0.05
0.05
0.05
0.05
0.05
0.05
0.05
0.05
0.04
0.04
0.04
0.04
0.04
0.04
0.04
0.04
0.04
0.04
0.04
0.04
0.04
0.03
0.03
0.03
0.03
0.03
0.03
0.03
0.02
0.02
0.02
0.02
0.02
0.01
0.01
0.01
0.01
0.01
0.00
0.00
-0.00
-0.00
-0.01
-0.01
-0.01
-0.01
-0.01
-0.02
-0.02
-0.02
-0.02
-0.03
-0.03
-0.03
-0.03
-0.03
-0.04
-0.04
-0.04
-0.04
-0.04
-0.04
-0.05
-0.05
-0.05
-0.05
-0.05
-0.05
-0.05
-0.06
-0.06
-0.06
-0.06
-0.06
-0.06
-0.06
-0.06
-0.06
-0.06
-0.06
-0.06
-0.06
-0.06
-0.06
-0.06
-0.06
-0.06
-0.06
-0.06
-0.06
-0.06
-0.06
-0.06
-0.06
-0.06
-0.06
-0.06
-0.06
-0.06
-0.06
-0.06
-0.06
-0.06
-0.06
-0.05
-0.05
-0.05
-0.05
-0.05
-0.05
-0.05
-0.05
-0.05
-0.05
-0.05
-0.04
-0.04
-0.04
-0.04
-0.04
-0.04
-0.04
-0.04
-0.04
-0.03
-0.03
-0.03
-0.03
-0.03
-0.03
-0.03
-0.03
-0.02
-0.02
-0.02
-0.02
-0.02
-0.02
-0.02
-0.01
-0.01
-0.01
-0.01
-0.01
-0.01
-0.01
-0.00
-0.00
-0.00
-0.00
0.00
0.00
0.00
0.01
0.01
0.01
0.01
0.01
0.01
0.02
0.02
0.02
0.02
0.02
0.02
0.02
0.03
0.03
0.03
0.03
0.03
0.03
0.03
0.04
0.04
0.04
0.04
0.04
0.04
0.04
0.04
0.05
0.05
0.05
0.05
0.05
0.05
0.05
0.05
0.05
0.05
0.06
0.06
0.06
0.06
0.06
0.06
0.06
0.06
0.06
0.06
0.06
0.06
0.06
0.06
0.06
0.06
0.06
0.06
0.06
0.06
0.06
0.06
0.06
0.06
0.06
0.06
0.06
0.06
0.06
0.06
0.05
0.05
0.05
0.05
0.05
0.05
0.05
0.05
0.05
0.05
0.04
0.04
0.04
0.04
0.04
0.04
0.04
0.03
0.03
0.03
0.03
0.03
0.03
0.03
0.02
0.02
0.02
0.02
0.02
0.02
0.01
0.01
0.01
0.01
0.01
0.01
0.00
0.00
0.00
-0.00
-0.00
-0.00
-0.01
-0.01
-0.01
-0.01
-0.01
-0.01
-0.02
-0.02
-0.02
-0.02
-0.02
-0.02
-0.02
-0.03
-0.03
-0.03
-0.03
-0.03
-0.03
-0.03
-0.03
-0.04
-0.04
-0.04
-0.04
-0.04
-0.04
-0.04
-0.04
-0.04
-0.04
-0.05
-0.05
-0.05
-0.05
-0.05
-0.05
-0.05
-0.05
-0.05
-0.05
-0.05
-0.05
-0.05
-0.05
-0.05
-0.05
-0.06
-0.06
-0.06
-0.06
-0.06
-0.06
-0.06
-0.06
-0.06
-0.06
-0.06
-0.06
-0.06
-0.06
-0.06
-0.06
-0.06
-0.06
-0.06
-0.05
-0.05
-0.05
-0.05
-0.05
-0.05
-0.05
-0.05
-0.05
-0.05
-0.05
-0.05
-0.05
-0.05
-0.04
-0.04
-0.04
-0.04
-0.04
-0.04
-0.04
-0.04
-0.03
-0.03
-0.03
-0.03
-0.03
-0.03
-0.03
-0.02
-0.02
-0.02
-0.02
-0.02
-0.02
-0.01
-0.01
-0.01
-0.01
-0.01
-0.01
-0.00
-0.00
-0.00
0.00
0.00
0.00
0.01
0.01
0.01
0.01
0.01
0.01
0.02
0.02
0.02
0.02
0.02
0.02
0.02
0.03
0.03
0.03
0.03
0.03
0.03
0.03
0.03
0.04
0.04
0.04
0.04
0.04
0.04
0.04
0.04
0.04
0.05
0.05
0.05
0.05
0.05
0.05
0.05
0.05
0.05
0.05
0.05
0.05
0.05
0.05
0.05
0.05
0.05
0.05
0.05
0.06
0.06
0.06
0.06
0.06
0.06
0.06
0.06
0.06
0.06
0.05
0.05
0.05
0.05
0.05
0.05
0.05
0.05
0.05
0.05
0.05
0.05
0.05
0.05
0.05
0.05
0.05
0.05
0.04
0.04
0.04
0.04
0.04
0.04
0.04
0.04
0.04
0.04
0.03
0.03
0.03
0.03
0.03
0.03
0.03
0.02
0.02
0.02
0.02
0.02
0.02
0.02
0.01
0.01
0.01
0.01
0.01
0.01
0.00
0.00
0.00
-0.00
-0.00
-0.00
-0.01
-0.01
-0.01
-0.01
-0.01
-0.01
-0.02
-0.02
-0.02
-0.02
-0.02
-0.02
-0.02
-0.03
-0.03
-0.03
-0.03
-0.03
-0.03
-0.03
-0.03
-0.04
-0.04
-0.04
-0.04
-0.04
-0.04
-0.04
-0.04
-0.04
-0.04
-0.05
-0.05
-0.05
-0.05
-0.05
-0.05
-0.05
-0.05
-0.05
-0.05
-0.05
-0.05
-0.05
-0.05
-0.05
-0.05
-0.05
-0.05
-0.05
-0.05
-0.05
-0.05
-0.05
-0.05
-0.05
-0.05
-0.05
-0.05
-0.05
-0.05
-0.05
-0.05
-0.05
-0.05
-0.05
-0.05
-0.05
-0.05
-0.05
-0.05
-0.05
-0.05
-0.05
-0.05
-0.04
-0.04
-0.04
-0.04
-0.04
-0.04
-0.04
-0.04
-0.04
-0.04
-0.03
-0.03
-0.03
-0.03
-0.03
-0.03
-0.03
-0.03
-0.02
-0.02
-0.02
-0.02
-0.02
-0.02
-0.02
-0.01
-0.01
-0.01
-0.01
-0.01
-0.01
-0.00
-0.00
-0.00
0.00
0.00
0.00
0.01
0.01
0.01
0.01
0.01
0.01
0.01
0.02
0.02
0.02
0.02
0.02
0.02
0.02
0.03
0.03
0.03
0.03
0.03
0.03
0.03
0.03
0.04
0.04
0.04
0.04
0.04
0.04
0.04
0.04
0.04
0.04
0.04
0.05
0.05
0.05
0.05
0.05
0.05
0.05
0.05
0.05
0.05
0.05
0.05
0.05
0.05
0.05
0.05
0.05
0.05
0.05
0.05
0.05
0.05
0.05
0.05
0.05
0.05
0.05
0.05
0.05
0.05
0.05
0.05
0.05
0.05
0.05
0.05
0.05
0.05
0.05
0.05
0.05
0.05
0.04
0.04
0.04
0.04
0.04
0.04
0.04
0.04
0.04
0.04
0.03
0.03
0.03
0.03
0.03
0.03
0.03
0.03
0.02
0.02
0.02
0.02
0.02
0.02
0.02
0.01
0.01
0.01
0.01
0.01
0.01
0.00
0.00
0.00
0.00
-0.00
-0.00
-0.00
-0.01
-0.01
-0.01
-0.01
-0.01
-0.01
-0.01
-0.02
-0.02
-0.02
-0.02
-0.02
-0.02
-0.02
-0.03
-0.03
-0.03
-0.03
-0.03
-0.03
-0.03
-0.03
-0.04
-0.04
-0.04
-0.04
-0.04
-0.04
-0.04
-0.04
-0.04
-0.04
-0.04
-0.04
-0.05
-0.05
-0.05
-0.05
-0.05
-0.05
-0.05
-0.05
-0.05
-0.05
-0.05
-0.05
-0.05
-0.05
-0.05
-0.05
-0.05
-0.05
-0.05
-0.05
-0.05
-0.05
-0.05
-0.05
-0.05
-0.05
-0.05
-0.05
-0.05
-0.05
-0.05
-0.05
-0.05
-0.05
-0.05
-0.05
-0.05
-0.05
-0.05
-0.04
-0.04
-0.04
-0.04
-0.04
-0.04
-0.04
-0.04
-0.04
-0.04
-0.04
-0.03
-0.03
-0.03
-0.03
-0.03
-0.03
-0.03
-0.03
-0.02
-0.02
-0.02
-0.02
-0.02
-0.02
-0.02
-0.01
-0.01
-0.01
-0.01
-0.01
-0.01
-0.01
-0.00
-0.00
-0.00
0.00
0.00
0.00
0.01
0.01
0.01
0.01
0.01
0.01
0.01
0.02
0.02
0.02
0.02
0.02
0.02
0.02
0.02
0.03
0.03
0.03
0.03
0.03
0.03
0.03
0.03
0.03
0.04
0.04
0.04
0.04
0.04
0.04
0.04
0.04
0.04
0.04
0.04
0.04
0.05
0.05
0.05
0.05
0.05
0.05
0.05
0.05
0.05
0.05
0.05
0.05
0.05
0.05
0.05
0.05
0.05
0.05
0.05
0.05
0.05
0.05
0.05
0.05
0.05
0.05
0.05
0.05
0.05
0.05
0.05
0.05
0.05
0.05
0.05
0.05
0.04
0.04
0.04
0.04
0.04
0.04
0.04
0.04
0.04
0.04
0.04
0.03
0.03
0.03
0.03
0.03
0.03
0.03
0.03
0.03
0.02
0.02
0.02
0.02
0.02
0.02
0.02
0.01
0.01
0.01
0.01
0.01
0.01
0.01
0.00
0.00
0.00
-0.00
-0.00
-0.00
-0.00
-0.01
-0.01
-0.01
-0.01
-0.01
-0.01
-0.01
-0.02
-0.02
-0.02
-0.02
-0.02
-0.02
-0.02
-0.02
-0.03
-0.03
-0.03
-0.03
-0.03
-0.03
-0.03
-0.03
-0.03
-0.04
-0.04
-0.04
-0.04
-0.04
-0.04
-0.04
-0.04
-0.04
-0.04
-0.04
-0.04
-0.04
-0.05
-0.05
-0.05
-0.05
-0.05
-0.05
-0.05
-0.05
-0.05
-0.05
-0.05
-0.05
-0.05
-0.05
-0.05
-0.05
-0.05
-0.05
-0.05
-0.05
-0.05
-0.05
-0.05
-0.05
-0.05
-0.05
-0.05
-0.05
-0.05
-0.05
-0.05
-0.05
-0.04
-0.04
-0.04
-0.04
-0.04
-0.04
-0.04
-0.04
-0.04
-0.04
-0.04
-0.04
-0.04
-0.03
-0.03
-0.03
-0.03
-0.03
-0.03
-0.03
-0.03
-0.02
-0.02
-0.02
-0.02
-0.02
-0.02
-0.02
-0.02
-0.01
-0.01
-0.01
-0.01
-0.01
-0.01
-0.01
-0.00
-0.00
-0.00
-0.00
0.00
0.00
0.00
0.01
0.01
0.01
0.01
0.01
0.01
0.01
0.01
0.02
0.02
0.02
0.02
0.02
0.02
0.02
0.02
0.03
0.03
0.03
0.03
0.03
0.03
0.03
0.03
