-0.00
0.00
0.00
0.00
0.00
0.00
0.00
0.00
0.00
0.00
0.00
0.00
0.00
0.00
0.00
0.00
0.00
0.00
0.00
0.00
0.00
0.00
0.00
0.00
0.00
0.00
0.00
0.00
0.00
0.00
0.00
0.00
0.00
0.00
0.00
0.00
0.00
0.00
0.00
0.00
0.00
0.00
0.00
0.00
0.00
0.00
0.00
0.00
0.00
0.00
0.00
0.00
0.00
0.00
0.00
0.00
0.00
0.00
0.00
0.00
0.00
0.00
0.00
0.00
0.00
0.00
0.00
0.00
0.00
0.00
0.00
0.00
0.00
0.00
0.00
0.00
0.00
0.00
0.00
0.00
0.00
0.00
0.00
0.00
0.00
0.00
0.00
0.00
0.00
0.00
0.00
0.00
0.00
0.00
0.00
0.00
0.00
0.00
0.00
0.00
0.00
0.00
0.00
0.00
0.00
0.00
0.00
0.00
0.00
0.00
0.00
0.00
0.00
0.00
0.00
0.00
0.00
0.00
0.00
0.00
0.00
0.00
0.00
0.00
0.00
0.00
0.00
0.00
0.00
0.00
0.00
0.00
0.00
0.00
0.00
0.00
0.00
0.00
0.00
0.00
0.00
0.00
0.00
0.00
0.00
0.00
0.00
0.00
0.00
0.00
0.00
0.00
0.00
0.00
0.00
0.00
0.00
0.00
0.00
0.00
0.00
0.00
0.00
0.00
0.00
0.00
0.00
0.00
0.00
0.00
0.00
0.00
0.00
0.00
0.00
0.00
0.00
0.00
0.00
0.00
0.00
0.00
0.00
0.00
0.00
0.00
0.00
0.00
0.00
0.00
0.00
0.00
0.00
0.00
0.00
0.00
0.00
0.00
0.00
0.00
0.00
0.00
0.00
0.00
0.00
0.00
0.00
0.00
0.00
0.00
0.00
0.00
0.00
0.00
0.00
0.00
0.00
0.00
0.00
0.00
0.00
0.00
0.00
0.00
0.00
0.00
0.00
0.00
0.00
0.00
0.00
0.00
0.00
0.00
0.00
0.00
0.00
0.00
0.00
0.00
0.00
0.00
0.00
0.00
0.00
0.00
0.00
0.00
0.00
0.00
0.00
0.00
0.00
0.00
0.00
0.00
0.00
0.00
0.00
0.00
0.00
0.00
0.00
0.00
0.00
0.00
0.00
0.00
0.00
0.00
0.00
0.00
0.00
0.00
0.00
0.00
0.00
0.00
0.00
0.00
0.00
0.00
0.00
0.00
0.00
0.00
0.00
0.00
0.00
0.00
0.00
0.00
0.00
0.00
0.00
0.00
0.00
0.00
0.00
0.00
0.00
0.00
0.00
0.00
0.00
0.00
0.00
0.00
0.00
0.00
0.00
0.00
0.00
0.00
0.00
0.00
0.00
0.00
0.00
0.00
0.00
0.00
0.00
0.00
0.00
0.00
0.00
0.00
0.00
0.00
0.00
0.00
0.00
0.00
0.00
0.00
0.00
0.00
0.00
0.00
0.00
0.00
0.00
0.00
0.00
0.00
0.00
0.00
0.00
0.00
0.00
0.00
0.00
0.00
0.00
0.00
0.00
0.00
0.00
0.00
0.00
0.00
0.00
0.00
0.00
0.00
0.00
0.00
0.00
0.00
0.00
0.00
0.00
0.00
0.00
0.00
0.00
0.00
0.00
0.00
0.00
0.00
0.00
0.00
0.00
0.00
0.00
0.00
0.00
0.00
0.00
0.00
0.00
0.00
0.00
0.00
0.00
0.00
0.00
0.00
0.00
0.00
0.01
0.01
0.01
0.01
0.01
0.01
0.01
0.01
0.01
0.01
0.01
0.01
0.01
0.01
0.01
0.01
0.01
0.01
0.01
0.01
0.01
0.01
0.01
0.02
0.02
0.02
0.02
0.02
0.02
0.02
0.02
0.02
0.02
0.02
0.03
0.03
0.03
0.03
0.03
0.03
0.03
0.04
0.04
0.04
0.04
0.04
0.05
0.05
0.05
0.05
0.06
0.06
0.06
0.07
0.07
0.07
0.08
0.08
0.08
0.09
0.09
0.10
0.10
0.11
0.11
0.12
0.12
0.13
0.13
0.14
0.15
0.15
0.16
0.17
0.18
0.19
0.20
0.21
0.22
0.23
0.24
0.25
0.26
0.27
0.29
0.30
0.31
0.33
0.34
0.36
0.37
0.39
0.41
0.43
0.45
0.47
0.49
0.51
0.53
0.55
0.57
0.60
0.62
0.64
0.67
0.70
0.72
0.75
0.78
0.81
0.84
0.86
0.90
0.93
0.96
0.99
1.02
1.05
1.09
1.12
1.15
1.19
1.22
1.26
1.30
1.33
1.37
1.41
1.44
1.48
1.52
1.56
1.60
1.64
1.68
1.72
1.76
1.80
1.84
1.89
1.93
1.97
2.02
2.06
2.11
2.15
2.20
2.25
2.29
2.34
2.39
2.44
2.49
2.54
2.59
2.64
2.70
2.75
2.81
2.86
2.92
2.97
3.03
3.09
3.15
3.21
3.27
3.32
3.38
3.44
3.50
3.56
3.61
3.67
3.73
3.79
3.84
3.90
3.96
4.02
4.07
4.13
4.19
4.25
4.31
4.37
4.43
4.49
4.56
4.62
4.69
4.76
4.83
4.90
4.98
5.06
5.14
5.22
5.31
5.41
5.51
5.61
5.73
5.85
5.97
6.11
6.25
6.39
6.53
6.66
6.79
6.90
7.01
7.12
7.22
7.31
7.39
7.48
7.55
7.63
7.70
7.76
7.83
7.89
7.94
8.00
8.05
8.10
8.14
8.18
8.22
8.25
8.29
8.31
8.34
8.36
8.37
8.39
8.39
8.40
8.40
8.40
8.39
8.38
8.36
8.34
8.32
8.29
8.26
8.23
8.19
8.14
8.10
8.05
7.99
7.93
7.87
7.80
7.73
7.66
7.58
7.49
7.40
7.30
7.20
7.08
6.96
6.83
6.68
6.53
6.36
6.20
6.03
5.88
5.73
5.60
5.48
5.36
5.26
5.16
5.06
4.97
4.89
4.81
4.73
4.65
4.58
4.51
4.45
4.38
4.32
4.26
4.20
4.14
4.09
4.03
3.98
3.92
3.87
3.82
3.77
3.72
3.68
3.63
3.58
3.53
3.49
3.44
3.39
3.35
3.30
3.25
3.21
3.16
3.11
3.06
3.01
2.97
2.92
2.87
2.82
2.76
2.71
2.66
2.61
2.56
2.50
2.45
2.40
2.34
2.29
2.24
2.18
2.13
2.07
2.01
1.96
1.90
1.84
1.78
1.72
1.66
1.60
1.53
1.47
1.40
1.33
1.26
1.19
1.11
1.04
0.95
0.87
0.78
0.69
0.59
0.48
0.37
0.26
0.14
0.01
-0.11
-0.23
-0.35
-0.46
-0.57
-0.67
-0.77
-0.86
-0.95
-1.04
-1.12
-1.20
-1.27
-1.34
-1.41
-1.48
-1.55
-1.61
-1.68
-1.74
-1.80
-1.86
-1.91
-1.97
-2.02
-2.07
-2.12
-2.17
-2.22
-2.26
-2.31
-2.35
-2.39
-2.43
-2.47
-2.50
-2.54
-2.57
-2.60
-2.62
-2.65
-2.67
-2.69
-2.71
-2.73
-2.74
-2.76
-2.77
-2.77
-2.78
-2.79
-2.79
-2.79
-2.79
-2.78
-2.78
-2.77
-2.76
-2.75
-2.73
-2.72
-2.70
-2.68
-2.66
-2.64
-2.61
-2.58
-2.55
-2.52
-2.49
-2.46
-2.42
-2.38
-2.34
-2.30
-2.26
-2.21
-2.17
-2.12
-2.07
-2.02
-1.97
-1.92
-1.87
-1.81
-1.76
-1.70
-1.64
-1.58
-1.51
-1.45
-1.38
-1.31
-1.24
-1.17
-1.09
-1.01
-0.92
-0.83
-0.74
-0.64
-0.53
-0.42
-0.30
-0.18
-0.05
0.08
0.21
0.33
0.45
0.56
0.67
0.77
0.87
0.96
1.05
1.13
1.21
1.29
1.37
1.44
1.51
1.58
1.65
1.72
1.78
1.85
1.91
1.97
2.03
2.09
2.16
2.21
2.27
2.33
2.39
2.45
2.50
2.56
2.62
2.67
2.73
2.78
2.84
2.89
2.95
3.00
3.06
3.11
3.17
3.22
3.28
3.33
3.39
3.45
3.50
3.56
3.62
3.68
3.74
3.80
3.86
3.92
3.99
4.05
4.12
4.19
4.26
4.33
4.40
4.47
4.55
4.63
4.71
4.79
4.88
4.97
5.07
5.17
5.27
5.38
5.50
5.63
5.76
5.91
6.06
6.22
6.38
6.54
6.69
6.82
6.95
7.07
7.18
7.28
7.38
7.47
7.56
7.64
7.72
7.80
7.87
7.94
8.01
8.08
8.14
8.21
8.27
8.33
8.39
8.45
8.51
8.57
8.63
8.68
8.74
8.79
8.85
8.90
8.95
9.01
9.06
9.11
9.16
9.22
9.27
9.32
9.37
9.42
9.47
9.52
9.57
9.61
9.66
9.71
9.76
9.80
9.85
9.90
9.94
9.99
10.04
10.08
10.13
10.18
10.23
10.28
10.33
10.38
10.43
10.48
10.53
10.58
10.64
10.69
10.75
10.81
10.87
10.93
10.99
11.06
11.12
11.19
11.27
11.34
11.42
11.51
11.59
11.68
11.78
11.88
11.99
12.11
12.23
12.36
12.50
12.63
12.77
12.89
13.01
13.12
13.22
13.32
13.41
13.49
13.57
13.64
13.71
13.78
13.84
13.90
13.95
14.00
14.05
14.09
14.14
14.18
14.21
14.25
14.28
14.30
14.33
14.35
14.37
14.39
14.40
14.42
14.43
14.43
14.44
14.44
14.44
14.43
14.43
14.42
14.41
14.39
14.38
14.36
14.34
14.31
14.29
14.26
14.23
14.20
14.16
14.12
14.09
14.04
14.00
13.95
13.91
13.86
13.80
13.75
13.69
13.63
13.57
13.50
13.43
13.36
13.28
13.20
13.12
13.03
12.94
12.85
12.75
12.65
12.55
12.46
12.36
12.27
12.18
12.10
12.02
11.95
11.88
11.81
11.75
11.69
11.63
11.58
11.53
11.48
11.43
11.38
11.34
11.29
11.25
11.21
11.17
11.13
11.10
11.06
11.03
10.99
10.96
10.93
10.89
10.86
10.83
10.80
10.77
10.74
10.72
10.69
10.66
10.64
10.61
10.59
10.56
10.54
10.51
10.49
10.47
10.45
10.43
10.41
10.39
10.37
10.35
10.33
10.32
10.30
10.29
10.27
10.26
10.24
10.23
10.22
10.21
10.20
10.20
10.19
10.18
10.18
10.18
10.17
10.17
10.17
10.18
10.18
10.18
10.19
10.20
10.21
10.22
10.23
10.25
10.26
10.28
10.30
10.32
10.34
10.37
10.39
10.42
10.45
10.48
10.52
10.55
10.59
10.63
10.67
10.71
10.76
10.81
10.86
10.91
10.96
11.02
11.08
11.14
11.21
11.28
11.35
11.43
11.51
11.59
11.68
11.78
11.88
11.99
12.11
12.23
12.36
12.50
12.63
12.76
12.89
13.01
13.12
13.23
13.33
13.42
13.50
13.58
13.66
13.73
13.80
13.86
13.93
13.98
14.04
14.10
14.15
14.20
14.24
14.29
14.34
14.38
14.42
14.46
14.50
14.54
14.57
14.61
14.64
14.67
14.70
14.73
14.76
14.79
14.82
14.85
14.87
14.90
14.92
14.95
14.97
14.99
15.01
15.03
15.05
15.07
15.09
15.11
15.13
15.15
15.16
15.18
15.19
15.21
15.22
15.24
15.25
15.26
15.28
15.29
15.30
15.31
15.32
15.33
15.34
15.35
15.36
15.37
15.38
15.38
15.39
15.39
15.40
15.41
15.41
15.41
15.42
15.42
15.42
15.42
15.42
15.42
15.42
15.42
15.42
15.42
15.41
15.41
15.40
15.40
15.39
15.39
15.38
15.37
15.36
15.35
15.34
15.33
15.32
15.30
15.29
15.27
15.25
15.24
15.22
15.20
15.18
15.16
15.13
15.11
15.08
15.06
15.03
15.00
14.97
14.94
14.90
14.87
14.83
14.80
14.76
14.72
14.68
14.64
14.59
14.55
14.50
14.45
14.40
14.35
14.30
14.24
14.18
14.12
14.06
14.00
13.93
13.86
13.79
13.71
13.64
13.55
13.46
13.37
13.27
13.17
13.06
12.94
12.82
12.69
12.56
12.43
12.31
12.19
12.07
11.97
11.87
11.78
11.69
11.61
11.54
11.46
11.39
11.33
11.26
11.20
11.14
11.09
11.03
10.98
10.93
10.88
10.84
10.79
10.74
10.70
10.66
10.62
10.58
10.54
10.50
10.46
10.43
10.39
10.36
10.32
10.29
10.26
10.23
10.20
10.17
10.14
10.11
10.08
10.05
10.03
10.00
9.95
9.93
9.90
9.88
9.86
9.84
9.82
9.80
9.78
9.76
9.74
9.72
9.71
9.69
9.67
9.66
9.64
9.63
9.62
9.60
9.59
9.58
9.57
9.56
9.55
9.54
9.53
9.52
9.51
9.51
9.50
9.49
9.48
9.48
9.47
9.47
9.46
9.46
9.45
9.44
9.44
9.44
9.43
9.43
9.42
9.42
9.41
9.41
9.41
9.40
9.40
9.39
9.39
9.38
9.38
9.37
9.37
9.36
9.36
9.35
9.35
9.34
9.33
9.33
9.32
9.31
9.30
9.30
9.29
9.28
9.27
9.26
9.25
9.24
9.22
9.21
9.20
9.18
9.17
9.16
9.14
9.12
9.11
9.09
9.07
9.05
9.03
9.01
8.99
8.97
8.95
8.93
8.91
8.88
8.86
8.83
8.81
8.78
8.75
8.73
8.70
8.67
8.64
8.61
8.58
8.55
8.51
8.48
8.45
8.41
8.38
8.34
8.30
8.26
8.23
8.19
8.14
8.10
8.06
8.01
7.97
7.92
7.87
7.82
7.77
7.72
7.66
7.60
7.54
7.48
7.41
7.34
7.27
7.20
7.12
7.03
6.95
6.85
6.75
6.65
6.54
6.42
6.30
6.18
6.07
5.96
5.85
5.75
5.65
5.56
5.48
5.40
5.32
5.25
5.18
5.12
5.05
4.99
4.94
4.88
4.83
4.78
4.73
4.68
4.64
4.60
4.55
4.51
4.48
4.44
4.40
4.37
4.34
4.31
4.28
4.25
4.22
4.20
4.17
4.15
4.13
4.11
4.09
4.07
4.06
4.04
4.03
4.01
4.00
3.99
3.98
3.97
3.97
3.96
3.96
3.95
3.95
3.95
3.95
3.95
3.95
3.96
3.96
3.97
3.97
3.98
3.99
4.00
4.01
4.02
4.03
4.04
4.06
4.07
4.09
4.10
4.12
4.14
4.16
4.17
4.20
4.22
4.24
4.26
4.29
4.31
4.34
4.36
4.39
4.42
4.45
4.48
4.51
4.54
4.57
4.60
4.64
4.68
4.71
4.75
4.79
4.83
4.88
4.92
4.97
5.01
5.06
5.11
5.17
5.22
5.28
5.34
5.41
5.47
5.54
5.62
5.70
5.78
5.87
5.96
6.05
6.15
6.25
6.36
6.46
6.55
6.65
6.74
6.82
6.91
6.98
7.06
7.13
7.19
7.25
7.31
7.37
7.43
7.48
7.53
7.58
7.62
7.67
7.71
7.75
7.79
7.82
7.86
7.89
7.92
7.95
7.98
8.01
8.04
8.06
8.08
8.10
8.12
8.14
8.16
8.18
8.19
8.20
8.22
8.23
8.23
8.24
8.25
8.25
8.26
8.26
8.26
8.26
8.26
8.25
8.25
8.24
8.23
8.23
8.22
8.20
8.19
8.18
8.16
8.15
8.13
8.11
8.09
8.07
8.05
8.02
8.00
7.97
7.94
7.91
7.88
7.85
7.82
7.79
7.75
7.71
7.67
7.63
7.59
7.55
7.50
7.45
7.41
7.35
7.30
7.24
7.18
7.12
7.06
6.99
6.92
6.84
6.76
6.68
6.59
6.50
6.40
6.31
6.21
6.11
6.02
5.93
5.84
5.76
5.68
5.61
5.54
5.47
5.40
5.34
5.28
5.22
5.17
5.12
5.07
5.02
4.97
4.92
4.88
4.84
4.80
4.76
4.72
4.68
4.64
4.61
4.57
4.54
4.51
4.48
4.45
4.42
4.39
4.36
4.34
4.31
4.29
4.27
4.24
4.22
4.20
4.18
4.16
4.15
4.13
4.11
4.10
4.08
4.07
4.06
4.05
4.04
4.03
4.02
4.01
4.00
4.00
3.99
3.99
3.99
3.98
3.98
3.98
3.98
3.98
3.99
3.99
3.99
4.00
4.01
4.01
4.02
4.03
4.04
4.05
4.06
4.07
4.09
4.10
4.12
4.13
4.15
4.17
4.19
4.21
4.23
4.25
4.28
4.30
4.32
4.35
4.38
4.41
4.43
4.46
4.50
4.53
4.56
4.60
4.63
4.67
4.71
4.75
4.79
4.83
4.88
4.92
4.97
5.02
5.07
5.13
5.18
5.24
5.30
5.37
5.43
5.51
5.58
5.66
5.74
5.83
5.92
6.02
6.12
6.22
6.33
6.43
6.53
6.62
6.72
6.80
6.89
6.97
7.04
7.11
7.18
7.24
7.30
7.36
7.42
7.47
7.52
7.57
7.62
7.66
7.71
7.75
7.79
7.83
7.87
7.91
7.94
8.01
8.04
8.07
8.10
8.13
8.16
8.18
8.21
8.23
8.26
8.28
8.30
8.32
8.34
8.36
8.38
8.40
8.41
8.43
8.44
8.46
8.47
8.48
8.50
8.51
8.52
8.53
8.54
8.54
8.55
8.56
8.56
8.57
8.57
8.57
8.58
8.58
8.58
8.58
8.58
8.58
8.57
8.57
8.57
8.56
8.56
8.55
8.54
8.54
8.53
8.52
8.51
8.50
8.49
8.47
8.46
8.45
8.43
8.42
8.40
8.38
8.37
8.35
8.33
8.31
8.29
8.26
8.24
8.22
8.19
8.17
8.14
8.11
8.08
8.05
8.02
7.99
7.96
7.92
7.89
7.85
7.81
7.77
7.73
7.69
7.65
7.60
7.55
7.50
7.45
7.40
7.34
7.29
7.23
7.16
7.09
7.02
6.95
6.87
6.79
6.70
6.61
6.52
6.42
6.33
6.23
6.13
6.03
5.94
5.86
5.77
5.69
5.62
5.55
5.48
5.42
5.36
5.30
5.25
5.20
5.15
5.10
5.05
5.01
4.97
4.93
4.89
4.85
4.81
4.78
4.75
4.72
4.69
4.66
4.63
4.60
4.58
4.55
4.53
4.51
4.48
4.46
4.44
4.43
4.41
4.39
4.38
4.36
4.35
4.33
4.32
4.31
4.30
4.29
4.28
4.27
4.26
4.26
4.25
4.25
4.24
4.24
4.24
4.24
4.24
4.24
4.24
4.24
4.24
4.25
4.25
4.26
4.26
4.27
4.28
4.28
4.29
4.30
4.31
4.33
4.34
4.35
4.37
4.38
4.40
4.42
4.43
4.45
4.47
4.49
4.51
4.54
4.56
4.58
4.61
4.64
4.66
4.69
4.72
4.75
4.79
4.82
4.86
4.89
4.93
4.97
5.01
5.05
5.09
5.14
5.19
5.24
5.29
5.34
5.40
5.46
5.52
5.59
5.65
5.73
5.80
5.88
5.96
6.04
6.13
6.22
6.31
6.39
6.48
6.56
6.64
6.72
6.79
6.86
6.93
6.99
7.05
7.10
7.16
7.21
7.25
7.30
7.34
7.39
7.43
7.46
7.50
7.53
7.57
7.60
7.63
7.66
7.69
7.71
7.74
7.76
7.78
7.80
7.82
7.84
7.86
7.88
7.90
7.91
7.92
7.94
7.95
7.96
7.97
7.98
7.99
7.99
8.00
8.01
8.01
8.01
8.02
8.02
8.02
8.02
8.02
8.01
8.01
8.01
8.00
8.00
7.99
7.98
7.97
7.96
7.95
7.94
7.93
7.91
7.90
7.88
7.87
7.85
7.83
7.81
7.79
7.77
7.74
7.72
7.69
7.67
7.64
7.61
7.58
7.55
7.51
7.48
7.44
7.40
7.36
7.32
7.28
7.23
7.19
7.14
7.09
7.03
6.97
6.92
6.85
6.79
6.72
6.65
6.58
6.50
6.43
6.35
6.27
6.19
6.12
6.04
5.97
5.90
5.84
5.78
5.72
5.66
5.61
5.56
5.51
5.46
5.42
5.38
5.34
5.30
5.26
5.23
5.20
5.17
5.14
5.11
5.08
5.06
5.03
5.01
4.99
4.97
4.95
4.93
4.92
4.90
4.89
4.88
4.86
4.85
4.84
4.83
4.83
4.82
4.81
4.81
4.80
4.80
4.80
4.80
4.80
4.80
4.80
4.81
4.81
4.81
4.82
4.83
4.84
4.84
4.85
4.87
4.88
4.89
4.91
4.92
4.94
4.96
4.97
4.99
5.02
5.04
5.06
5.09
5.11
5.14
5.17
5.20
5.23
5.27
5.30
5.34
5.38
5.42
5.46
5.51
5.55
5.60
5.65
5.71
5.76
5.82
5.88
5.95
6.01
6.08
6.15
6.22
6.29
6.36
6.43
6.50
6.56
6.63
6.69
6.75
6.80
6.85
6.90
6.95
7.00
7.04
7.08
7.12
7.16
7.19
7.22
7.26
7.29
7.31
7.34
7.37
7.39
7.41
7.43
7.45
7.47
7.49
7.51
7.52
7.53
7.55
7.56
7.57
7.58
7.59
7.59
7.60
7.60
7.61
7.61
7.61
7.61
7.61
7.61
7.61
7.60
7.60
7.59
7.59
7.58
7.57
7.56
7.55
7.54
7.53
7.51
7.50
7.48
7.46
7.44
7.42
7.40
7.38
7.36
7.33
7.31
7.28
7.25
7.22
7.19
7.15
7.12
7.08
7.04
7.00
6.96
6.91
6.86
6.82
6.76
6.71
6.66
6.60
6.54
6.48
6.41
6.35
6.29
6.22
6.16
6.10
6.04
5.98
5.92
5.87
5.81
5.76
5.71
5.67
5.62
5.58
5.54
5.50
5.47
5.43
5.40
5.37
5.34
5.31
5.28
5.26
5.24
5.21
5.19
5.17
5.15
5.14
5.12
5.10
5.09
5.08
5.06
5.05
5.04
5.04
5.03
5.02
5.02
5.01
5.01
5.01
5.01
5.01
5.01
5.01
5.01
5.02
5.02
5.03
5.04
5.05
5.06
5.07
5.09
5.10
5.11
5.13
5.15
5.16
5.18
5.21
5.23
5.25
5.27
5.30
5.33
5.36
5.39
5.42
5.45
5.49
5.52
5.56
5.60
5.64
5.69
5.73
5.78
5.83
5.88
5.94
5.99
6.05
6.11
6.17
6.23
6.29
6.35
6.41
6.47
6.53
6.58
6.64
6.69
6.74
6.79
6.83
6.88
6.92
6.96
7.00
7.03
7.07
7.10
7.13
7.16
7.19
7.21
7.24
7.26
7.29
7.31
7.33
7.35
7.37
7.38
7.40
7.41
7.42
7.44
7.45
7.46
7.47
7.48
7.48
7.49
7.49
7.50
7.50
7.50
7.50
7.50
7.50
7.50
7.50
7.50
7.49
7.48
7.48
7.47
7.46
7.45
7.44
7.43
7.42
7.40
7.39
7.37
7.36
7.34
7.32
7.30
7.28
7.26
7.23
7.21
7.18
7.15
7.12
7.09
7.06
7.03
6.99
6.96
6.92
6.88
6.84
6.79
6.75
6.70
6.66
6.61
6.56
6.50
6.45
6.40
6.34
6.29
6.23
6.18
6.13
6.08
6.03
5.98
5.93
5.89
5.85
5.81
5.77
5.73
5.69
5.66
5.63
5.60
5.57
5.54
5.52
5.49
5.47
5.45
5.43
5.41
5.39
5.38
5.36
5.35
5.34
5.33
5.32
5.31
5.30
5.29
5.29
5.28
5.28
5.28
5.28
5.28
5.28
5.28
5.29
5.29
5.30
5.30
5.31
5.32
5.33
5.34
5.35
5.37
5.38
5.40
5.42
5.43
5.45
5.47
5.50
5.52
5.54
5.57
5.60
5.63
5.66
5.69
5.72
5.76
5.79
5.83
5.87
5.91
5.95
5.99
6.04
6.08
6.13
6.17
6.22
6.27
6.31
6.36
6.40
6.45
6.49
6.53
6.57
6.61
6.65
6.69
6.72
6.75
6.78
6.81
6.84
6.87
6.89
6.92
6.94
6.96
6.98
7.00
7.02
7.03
7.05
7.06
7.07
7.08
7.09
7.10
7.10
7.11
7.12
7.12
7.12
7.12
7.12
7.12
7.12
7.12
7.11
7.11
7.10
7.09
7.08
7.07
7.06
7.05
7.04
7.02
7.01
6.99
6.97
6.95
6.93
6.91
6.88
6.86
6.83
6.81
6.78
6.75
6.71
6.68
6.65
6.61
6.58
6.54
6.50
6.46
6.42
6.38
6.34
6.29
6.25
6.21
6.17
6.13
6.09
6.05
6.01
5.98
5.94
5.91
5.87
5.84
5.81
5.78
5.76
5.73
5.70
5.68
5.66
5.64
5.62
5.60
5.58
5.57
5.55
5.54
5.53
5.52
5.51
5.50
5.49
5.48
5.48
5.47
5.47
5.47
5.47
5.47
5.47
5.47
5.47
5.48
5.48
5.49
5.50
5.51
5.52
5.53
5.54
5.55
5.57
5.58
5.60
5.62
5.64
5.66
5.68
5.70
5.73
5.75
5.78
5.81
5.83
5.87
5.90
5.93
5.96
6.00
6.04
6.07
6.11
6.15
6.19
6.23
6.27
6.31
6.35
6.39
6.42
6.46
6.50
6.54
6.57
6.60
6.64
6.67
6.70
6.73
6.76
6.78
6.81
6.83
6.86
6.88
6.90
6.92
6.93
6.95
6.97
6.98
7.00
7.01
7.02
7.03
7.04
7.05
7.05
7.06
7.07
7.07
7.07
7.07
7.08
7.08
7.07
7.07
7.07
7.07
7.06
7.06
7.05
7.04
7.03
7.02
7.01
7.00
6.99
6.97
6.96
6.94
6.93
6.91
6.89
6.87
6.85
6.83
6.80
6.78
6.75
6.73
6.70
6.67
6.64
6.61
6.58
6.55
6.51
6.48
6.45
6.41
6.38
6.34
6.31
6.28
6.24
6.21
6.17
6.14
6.11
6.08
6.05
6.02
5.99
5.97
5.94
5.92
5.89
5.87
5.85
5.83
5.81
5.79
5.78
5.76
5.75
5.74
5.73
5.71
5.71
5.70
5.69
5.68
5.68
5.68
5.67
5.67
5.67
5.67
5.67
5.68
5.68
5.68
5.69
5.70
5.71
5.71
5.72
5.74
5.75
5.76
5.78
5.79
5.81
5.82
5.84
5.86
5.88
5.90
5.93
5.95
5.97
6.00
6.02
6.05
6.08
6.11
6.13
6.16
6.19
6.22
6.25
6.28
6.31
6.34
6.37
6.39
6.42
6.45
6.47
6.50
6.52
6.55
6.57
6.59
6.61
6.63
6.65
6.67
6.69
6.70
6.72
6.73
6.74
6.75
6.76
6.77
6.78
6.79
6.79
6.80
6.80
6.80
6.81
6.81
6.81
6.80
6.80
6.80
6.79
6.79
6.78
6.77
6.77
6.76
6.75
6.73
6.72
6.71
6.69
6.68
6.66
6.64
6.62
6.61
6.59
6.56
6.54
6.52
6.50
6.47
6.45
6.42
6.40
6.37
6.34
6.32
6.29
6.26
6.23
6.21
6.18
6.15
6.13
6.10
6.08
6.05
6.03
6.01
5.99
5.96
5.94
5.92
5.90
5.89
5.87
5.85
5.84
5.82
5.81
5.80
5.79
5.78
5.77
5.76
5.75
5.74
5.74
5.73
5.73
5.72
5.72
5.72
5.72
5.72
5.72
5.72
5.73
5.73
5.74
5.74
5.75
5.76
5.77
5.78
5.79
5.80
5.81
5.82
5.84
5.85
5.87
5.88
5.90
5.92
5.94
5.96
5.98
6.00
6.02
6.05
6.07
6.09
6.12
6.14
6.17
6.19
6.22
6.24
6.27
6.30
6.32
6.35
6.37
6.40
6.42
6.44
6.47
6.49
6.51
6.53
6.55
6.57
6.59
6.60
6.62
6.64
6.65
6.67
6.68
6.69
6.70
6.71
6.72
6.73
6.74
6.74
6.75
6.75
6.76
6.76
6.76
6.76
6.76
6.76
6.76
6.76
6.75
6.75
6.74
6.74
6.73
6.72
6.71
6.70
6.69
6.68
6.67
6.66
6.65
6.63
6.62
6.60
6.59
6.57
6.55
6.53
6.52
6.50
6.48
6.46
6.44
6.42
6.40
6.38
6.35
6.33
6.31
6.29
6.27
6.25
6.23
6.21
6.19
6.17
6.16
6.14
6.12
6.10
6.09
6.07
6.06
6.05
6.03
6.02
6.01
6.00
5.99
5.98
5.97
5.97
5.96
5.95
5.95
5.95
5.94
5.94
5.94
5.94
5.94
5.94
5.95
5.95
5.96
5.96
5.97
5.98
5.98
5.99
6.00
6.01
6.02
6.04
6.05
6.06
6.07
6.09
6.10
6.12
6.13
6.15
6.17
6.18
6.20
6.22
6.24
6.26
6.27
6.29
6.31
6.33
6.35
6.37
6.38
6.40
6.42
6.43
6.45
6.47
6.48
6.50
6.51
6.53
6.54
6.55
6.56
6.57
6.58
6.59
6.60
6.61
6.62
6.63
6.63
6.64
6.64
6.65
6.65
6.65
6.65
6.65
6.65
6.65
6.65
6.65
6.64
6.64
6.64
6.63
6.62
6.62
6.61
6.60
6.59
6.58
6.57
6.56
6.55
6.53
6.52
6.51
6.49
6.48
6.46
6.45
6.43
6.41
6.40
6.38
6.36
6.34
6.32
6.31
6.29
6.27
6.25
6.23
6.22
6.20
6.18
6.16
6.15
6.13
6.11
6.10
6.08
6.07
6.06
6.04
6.03
6.02
6.01
5.99
5.98
5.97
5.97
5.96
5.95
5.94
5.94
5.93
5.93
5.92
5.92
5.92
5.91
5.91
5.91
5.91
5.91
5.91
5.92
5.92
5.92
5.93
5.93
5.94
5.94
5.95
5.95
5.96
5.97
5.98
5.99
6.00
6.01
6.02
6.03
6.04
6.06
6.07
6.08
6.10
6.11
6.12
6.14
6.15
6.17
6.18
6.20
6.21
6.23
6.24
6.26
6.27
6.29
6.30
6.32
6.33
6.34
6.36
6.37
6.38
6.40
6.41
6.42
6.43
6.44
6.45
6.46
6.47
6.47
6.48
6.49
6.49
6.50
6.50
6.51
6.51
6.51
6.52
6.52
6.52
6.52
6.52
6.52
6.51
6.51
6.51
6.51
6.50
6.50
6.49
6.49
6.48
6.47
6.47
6.46
6.45
6.44
6.43
6.42
6.41
6.40
6.39
6.38
6.37
6.36
6.34
6.33
6.32
6.31
6.30
6.28
6.27
6.26
6.25
6.24
6.22
6.21
6.20
6.19
6.18
6.17
6.16
6.15
6.14
6.13
6.12
6.11
6.11
6.10
6.09
6.09
6.08
6.08
6.07
6.07
6.07
6.06
6.06
6.06
6.06
6.06
6.06
6.06
6.06
6.06
6.07
6.07
6.07
6.08
6.08
6.09
6.09
6.10
6.11
6.11
6.12
6.13
6.14
6.15
6.16
6.17
6.18
6.19
6.20
6.21
6.22
6.24
6.25
6.26
6.27
6.28
6.30
6.31
6.32
6.33
6.35
6.36
6.37
6.38
6.39
6.41
6.42
6.43
6.44
6.45
6.46
6.47
6.48
6.49
6.50
6.50
6.51
6.52
6.52
6.53
6.54
6.54
6.55
6.55
6.55
6.56
6.56
6.56
6.56
6.56
6.57
6.57
6.56
6.56
6.56
6.56
6.56
6.55
6.55
6.55
6.54
6.54
6.53
6.53
6.52
6.51
6.51
6.50
6.49
6.48
6.47
6.47
6.46
6.45
6.44
6.43
6.42
6.41
6.40
6.38
6.37
6.36
6.35
6.34
6.33
6.32
6.31
6.30
6.28
6.27
6.26
6.25
6.24
6.23
6.22
6.21
6.20
6.20
6.19
6.18
6.17
6.16
6.16
6.15
6.14
6.14
6.13
6.13
6.12
6.12
6.12
6.11
6.11
6.11
6.11
6.11
6.10
6.10
6.10
6.11
6.11
6.11
6.11
6.11
6.12
6.12
6.12
6.13
6.13
6.14
6.14
6.15
6.15
6.16
6.17
6.17
6.18
6.19
6.20
6.20
6.21
6.22
6.23
6.24
6.24
6.25
6.26
6.27
6.28
6.28
6.29
6.30
6.31
6.32
6.32
6.33
6.34
6.34
6.35
6.36
6.36
6.37
6.37
6.38
6.38
6.39
6.39
6.40
6.40
6.40
6.40
6.41
6.41
6.41
6.41
6.41
6.41
6.41
6.41
6.41
6.40
6.40
6.40
6.40
6.39
6.39
6.39
6.38
6.38
6.37
6.37
6.36
6.36
6.35
6.34
6.34
6.33
6.32
6.31
6.31
6.30
6.29
6.28
6.27
6.27
6.26
6.25
6.24
6.23
6.22
6.22
6.21
6.20
6.19
6.18
6.18
6.17
6.16
6.16
6.15
6.14
6.14
6.13
6.12
6.12
6.11
6.11
6.10
6.10
6.10
6.09
6.09
6.09
6.08
6.08
6.08
6.08
6.08
6.08
6.08
6.08
6.08
6.08
6.08
6.08
6.08
6.09
6.09
6.09
6.10
6.10
6.11
6.11
6.12
6.12
6.13
6.13
6.14
6.15
6.15
6.16
6.17
6.17
6.18
6.19
6.20
6.21
6.21
6.22
6.23
6.24
6.25
6.26
6.26
6.27
6.28
6.29
6.30
6.31
6.31
6.32
6.33
6.34
6.34
6.35
6.36
6.36
6.37
6.38
6.38
6.39
6.39
6.40
6.40
6.41
6.41
6.42
6.42
6.42
6.43
6.43
6.43
6.43
6.43
6.43
6.43
6.43
6.43
6.43
6.43
6.43
6.43
6.43
6.43
6.43
6.42
6.42
6.42
6.41
6.41
6.41
6.40
6.40
6.39
6.39
6.38
6.38
6.37
6.37
6.36
6.36
6.35
6.34
6.34
6.33
6.33
6.32
6.32
6.31
6.30
6.30
6.29
6.29
6.28
6.28
6.27
6.27
6.26
6.26
6.25
6.25
6.25
6.24
6.24
6.24
6.23
6.23
6.23
6.23
6.22
6.22
6.22
6.22
6.22
6.22
6.22
6.22
6.22
6.22
6.22
6.22
6.23
6.23
6.23
6.23
6.24
6.24
6.24
6.25
6.25
6.25
6.26
6.26
6.27
6.27
6.28
6.28
6.29
6.29
6.30
6.30
6.31
6.31
6.32
6.32
6.33
6.33
6.34
6.34
6.35
6.35
6.36
6.36
6.37
6.37
6.38
6.38
6.39
6.39
6.39
6.40
6.40
6.40
6.41
6.41
6.41
6.41
6.42
6.42
6.42
6.42
6.42
6.42
6.42
6.42
6.42
6.42
6.42
6.42
6.42
6.42
6.41
6.41
6.41
6.41
6.40
6.40
6.40
6.39
6.39
6.39
6.38
6.38
6.37
6.37
6.36
6.36
6.35
6.34
6.34
6.33
6.33
6.32
6.31
6.31
6.30
6.30
6.29
6.28
6.28
6.27
6.26
6.26
6.25
6.25
6.24
6.23
6.23
6.22
6.22
6.21
6.21
6.20
6.20
6.19
6.19
6.18
6.18
6.18
6.17
6.17
6.17
6.16
6.16
6.16
6.16
6.15
6.15
6.15
6.15
6.15
6.15
6.15
6.15
6.15
6.15
6.15
6.15
6.15
6.15
6.15
6.16
6.16
6.16
6.16
6.16
6.17
6.17
6.17
6.18
6.18
6.18
6.19
6.19
6.19
6.20
6.20
6.21
6.21
6.21
6.22
6.22
6.23
6.23
6.24
6.24
6.24
6.25
6.25
6.26
6.26
6.26
6.27
6.27
6.28
6.28
6.28
6.28
6.29
6.29
6.29
6.30
6.30
6.30
6.30
6.30
6.31
6.31
6.31
6.31
6.31
6.31
6.31
6.31
6.31
6.31
6.31
6.31
6.31
6.31
6.31
6.31
6.31
6.31
6.30
6.30
6.30
6.30
6.30
6.29
6.29
6.29
6.29
6.28
6.28
6.28
6.27
6.27
6.27
6.27
6.26
6.26
6.26
6.25
6.25
6.25
6.24
6.24
6.24
6.24
6.23
6.23
6.23
6.22
6.22
6.22
6.22
6.22
6.21
6.21
6.21
6.21
6.21
6.21
6.21
6.21
6.20
6.20
6.20
6.20
6.20
6.20
6.21
6.21
6.21
6.21
6.21
6.21
6.21
6.21
6.22
6.22
6.22
6.22
6.23
6.23
6.23
6.24
6.24
6.24
6.25
6.25
6.25
6.26
6.26
6.27
6.27
6.27
6.28
6.28
6.29
6.29
6.30
6.30
6.31
6.31
6.32
6.32
6.32
6.33
6.33
6.34
6.34
6.35
6.35
6.35
6.36
6.36
6.36
6.37
6.37
6.37
6.38
6.38
6.38
6.39
6.39
6.39
6.39
6.39
6.40
6.40
6.40
6.40
6.40
6.40
6.40
6.40
6.40
6.40
6.40
6.40
6.40
6.40
6.40
6.40
6.40
6.40
6.40
6.40
6.39
6.39
6.39
6.39
6.39
6.38
6.38
6.38
6.38
6.37
6.37
6.37
6.36
6.36
6.36
6.35
6.35
6.35
6.34
6.34
6.34
6.33
6.33
6.33
6.32
6.32
6.32
6.31
6.31
6.31
6.31
6.30
6.30
6.30
6.29
6.29
6.29
6.29
6.28
6.28
6.28
6.28
6.28
6.27
6.27
6.27
6.27
6.27
6.27
6.27
6.27
6.26
6.26
6.26
6.26
6.26
6.26
6.26
6.26
6.26
6.26
6.26
6.26
6.27
6.27
6.27
6.27
6.27
6.27
6.27
6.27
6.27
6.28
6.28
6.28
6.28
6.28
6.28
6.28
6.29
6.29
6.29
6.29
6.29
6.29
6.30
6.30
6.30
6.30
6.30
6.30
6.30
6.31
6.31
6.31
6.31
6.31
6.31
6.31
6.31
6.31
6.31
6.31
6.31
6.31
6.31
6.31
6.31
6.31
6.31
6.31
6.31
6.31
6.31
6.31
6.30
6.30
6.30
6.30
6.30
6.30
6.29
6.29
6.29
6.29
6.29
6.28
6.28
6.28
6.28
6.27
6.27
6.27
6.26
6.26
6.26
6.26
6.25
6.25
6.25
6.24
6.24
6.24
6.23
6.23
6.23
6.23
6.22
6.22
6.22
6.22
6.21
6.21
6.21
6.21
6.20
6.20
6.20
6.20
6.19
6.19
6.19
6.19
6.19
6.19
6.19
6.18
6.18
6.18
6.18
6.18
6.18
6.18
6.18
6.18
6.18
6.18
6.18
6.18
6.18
6.18
6.18
6.19
6.19
6.19
6.19
6.19
6.19
6.19
6.20
6.20
6.20
6.20
6.20
6.21
6.21
6.21
6.21
6.22
6.22
6.22
6.22
6.23
6.23
6.23
6.24
6.24
6.24
6.24
6.25
6.25
6.25
6.26
6.26
6.26
6.26
6.27
6.27
6.27
6.28
6.28
6.28
6.28
6.28
6.29
6.29
6.29
6.29
6.30
6.30
6.30
6.30
6.30
6.30
6.31
6.31
6.31
6.31
6.31
6.31
6.31
6.31
6.31
6.31
6.31
6.31
6.31
6.31
6.31
6.31
6.31
6.31
6.31
6.31
6.31
6.31
6.31
6.31
6.31
6.31
6.31
6.31
6.31
6.31
6.31
6.31
6.31
6.30
6.30
6.30
6.30
6.30
6.30
6.30
6.30
6.30
6.30
6.30
6.30
6.30
6.29
6.29
6.29
6.29
6.29
6.29
6.29
6.29
6.29
6.29
6.29
6.29
6.29
6.29
6.29
6.29
6.29
6.29
6.29
6.29
6.29
6.30
6.30
6.30
6.30
6.30
6.30
6.30
6.30
6.30
6.31
6.31
6.31
6.31
6.31
6.31
6.31
6.32
6.32
6.32
6.32
6.32
6.33
6.33
6.33
6.33
6.33
6.33
6.34
6.34
6.34
6.34
6.34
6.34
6.35
6.35
6.35
6.35
6.35
6.35
6.35
6.36
6.36
6.36
6.36
6.36
6.36
6.36
6.36
6.36
6.36
6.36
6.36
6.37
6.37
6.37
6.37
6.37
6.37
6.36
6.36
6.36
6.36
6.36
6.36
6.36
6.36
6.36
6.36
6.36
6.36
6.35
6.35
6.35
6.35
6.35
6.34
6.34
6.34
6.34
6.34
6.33
6.33
6.33
6.33
6.33
6.32
6.32
6.32
6.32
6.31
6.31
6.31
6.31
6.30
6.30
6.30
6.29
6.29
6.29
6.29
6.28
6.28
6.28
6.28
6.27
6.27
6.27
6.27
6.27
6.26
6.26
6.26
6.26
6.26
6.25
6.25
6.25
6.25
6.25
6.25
6.24
6.24
6.24
6.24
6.24
6.24
6.24
6.24
6.24
6.24
6.24
6.24
6.24
6.23
6.23
6.23
6.23
6.23
6.23
6.23
6.23
6.23
6.23
6.24
6.24
6.24
6.24
6.24
6.24
6.24
6.24
6.24
6.24
6.24
6.24
6.24
6.24
6.24
6.24
6.24
6.24
6.25
6.25
6.25
6.25
6.25
6.25
6.25
6.25
6.25
6.25
6.25
6.25
6.25
6.25
6.25
6.25
6.25
6.25
6.25
6.25
6.25
6.25
6.25
6.25
6.25
6.25
6.25
6.25
6.25
6.25
6.25
6.25
6.25
6.25
6.25
6.25
6.25
6.25
6.25
6.25
6.24
6.24
6.24
6.24
6.24
6.24
6.24
6.24
6.24
6.24
6.24
6.24
6.23
6.23
6.23
6.23
6.23
6.23
6.23
6.23
6.23
6.23
6.23
6.23
6.23
6.23
6.23
6.23
6.23
6.22
6.22
6.22
6.22
6.22
6.22
6.22
6.23
6.23
6.23
6.23
6.23
6.23
6.23
6.23
6.23
6.23
6.23
6.23
6.23
6.23
6.24
6.24
6.24
6.24
6.24
6.24
6.24
6.25
6.25
6.25
6.25
6.25
6.26
6.26
6.26
6.26
6.26
6.27
6.27
6.27
6.27
6.27
6.28
6.28
6.28
6.28
6.29
6.29
6.29
6.29
6.29
6.30
6.30
6.30
6.30
6.30
6.31
6.31
6.31
6.31
6.31
6.32
6.32
6.32
6.32
6.32
6.33
6.33
6.33
6.33
6.33
6.33
6.33
6.33
6.34
6.34
6.34
6.34
6.34
6.34
6.34
6.34
6.34
6.34
6.34
6.34
6.34
6.34
6.34
6.34
6.34
6.34
6.34
6.34
6.34
6.34
6.34
6.34
6.34
6.34
6.34
6.34
6.34
6.34
6.34
6.34
6.34
6.34
6.34
6.34
6.34
6.34
6.34
6.33
6.33
6.33
6.33
6.33
6.33
6.33
6.33
6.33
6.33
6.33
6.33
6.33
6.33
6.33
6.32
6.32
6.32
6.32
6.32
6.32
6.32
6.32
6.32
6.32
6.32
6.32
6.32
6.32
6.32
6.32
6.32
6.32
6.32
6.32
6.32
6.32
6.32
6.32
6.32
6.32
6.32
6.32
6.32
6.32
6.32
6.32
6.32
6.32
6.32
6.32
6.32
6.32
6.32
6.32
6.32
6.32
6.32
6.32
6.32
6.32
6.32
6.32
6.32
6.32
6.32
6.32
6.32
6.32
6.32
6.32
6.32
6.32
6.31
6.31
6.31
6.31
6.31
6.31
6.31
6.31
6.31
6.31
6.31
6.31
6.31
6.31
6.30
6.30
6.30
6.30
6.30
6.30
6.30
6.30
6.29
6.29
6.29
6.29
6.29
6.29
6.29
6.28
6.28
6.28
6.28
6.28
6.28
6.27
6.27
6.27
6.27
6.27
6.27
6.26
6.26
6.26
6.26
6.26
6.26
6.25
6.25
6.25
6.25
6.25
6.25
6.24
6.24
6.24
6.24
6.24
6.24
6.24
6.23
6.23
6.23
6.23
6.23
6.23
6.23
6.23
6.23
6.23
6.22
6.22
6.22
6.22
6.22
6.22
6.22
6.22
6.22
6.22
6.22
6.22
6.22
6.22
6.22
6.22
6.22
6.22
6.22
6.22
6.22
6.22
6.22
6.22
6.22
6.22
6.22
6.22
6.22
6.22
6.22
6.22
6.22
6.22
6.22
6.22
6.22
6.23
6.23
6.23
6.23
6.23
6.23
6.23
6.23
6.23
6.23
6.23
6.23
6.24
6.24
6.24
6.24
6.24
6.24
6.24
6.24
6.24
6.24
6.24
6.25
6.25
6.25
6.25
6.25
6.25
6.25
6.25
6.25
6.25
6.25
6.25
6.25
6.26
6.26
6.26
6.26
6.26
6.26
6.26
6.26
6.26
6.26
6.26
6.26
6.26
6.26
6.26
6.27
6.27
6.27
6.27
6.27
6.27
6.27
6.27
6.27
6.27
6.27
6.27
6.27
6.27
6.27
6.27
6.27
6.27
6.28
6.28
6.28
6.28
6.28
6.28
6.28
6.28
6.28
6.28
6.28
6.28
6.28
6.28
6.28
6.29
6.29
6.29
6.29
6.29
6.29
6.29
6.29
6.29
6.29
6.29
6.29
6.30
6.30
6.30
6.30
6.30
6.30
6.30
6.30
6.30
6.31
6.31
6.31
6.31
6.31
6.31
6.31
6.31
6.31
6.32
6.32
6.32
6.32
6.32
6.32
6.32
6.32
6.32
6.33
6.33
6.33
6.33
6.33
6.33
6.33
6.33
6.33
6.33
6.34
6.34
6.34
6.34
6.34
6.34
6.34
6.34
6.34
6.34
6.34
6.34
6.34
6.34
6.34
6.35
6.35
6.35
6.35
6.35
6.35
6.35
6.35
6.35
6.35
6.35
6.35
6.35
6.35
6.35
6.35
6.35
6.35
6.35
6.35
6.35
6.35
6.34
6.34
6.34
6.34
6.34
6.34
6.34
6.34
6.34
6.34
6.34
6.34
6.34
6.34
6.33
6.33
6.33
6.33
6.33
6.33
6.33
6.33
6.33
6.33
6.32
6.32
6.32
6.32
6.32
6.32
6.32
6.32
6.32
6.31
6.31
6.31
6.31
6.31
6.31
6.31
6.31
6.30
6.30
6.30
6.30
6.30
6.30
6.30
6.30
6.30
6.29
6.29
6.29
6.29
6.29
6.29
6.29
6.29
6.28
6.28
6.28
6.28
6.28
6.28
6.28
6.28
6.28
6.28
6.28
6.28
6.27
6.27
6.27
6.27
6.27
6.27
6.27
6.27
6.27
6.27
6.27
6.27
6.27
6.26
6.26
6.26
6.26
6.26
6.26
6.26
6.26
6.26
6.26
6.26
6.26
6.26
6.26
6.26
6.26
6.26
6.25
6.25
6.25
6.25
6.25
6.25
6.25
6.25
6.25
6.25
6.25
6.25
6.25
6.25
6.25
6.25
6.25
6.24
6.24
6.24
6.24
6.24
6.24
6.24
6.24
6.24
6.24
6.24
6.24
6.24
6.24
6.24
6.24
6.23
6.23
6.23
6.23
6.23
6.23
6.23
6.23
6.23
6.23
6.23
6.23
6.23
6.23
6.23
6.23
6.23
6.23
6.23
6.23
6.23
6.23
6.23
6.23
6.23
6.23
6.23
6.23
6.23
6.23
6.23
6.23
6.23
6.23
6.23
6.23
6.23
6.23
6.23
6.23
6.23
6.23
6.23
6.23
6.23
6.23
6.23
6.23
6.23
6.23
6.23
6.23
6.23
6.24
6.24
6.24
6.24
6.24
6.24
6.24
6.24
6.24
6.24
6.25
6.25
6.25
6.25
6.25
6.25
6.25
6.25
6.26
6.26
6.26
6.26
6.26
6.26
6.26
6.26
6.27
6.27
6.27
6.27
6.27
6.27
6.27
6.28
6.28
6.28
6.28
6.28
6.28
6.28
6.28
6.29
6.29
6.29
6.29
6.29
6.29
6.29
6.29
6.30
6.30
6.30
6.30
6.30
6.30
6.30
6.30
6.30
6.31
6.31
6.31
6.31
6.31
6.31
6.31
6.31
6.31
6.31
6.31
6.31
6.32
6.32
6.32
6.32
6.32
6.32
6.32
6.32
6.32
6.32
6.32
6.32
6.32
6.32
6.32
6.32
6.32
6.32
6.32
6.32
6.33
6.33
6.33
6.33
6.33
6.33
6.33
6.33
6.33
6.33
6.33
6.33
6.33
6.33
6.33
6.33
6.33
6.33
6.33
6.33
6.33
6.33
6.33
6.33
6.33
6.33
6.33
6.33
6.33
6.33
6.33
6.33
6.33
6.33
6.33
6.33
6.33
6.33
6.33
6.33
6.33
6.33
6.33
6.33
6.33
6.33
6.33
6.33
6.33
6.33
6.33
6.33
6.33
6.33
6.33
6.33
6.33
6.33
6.33
6.33
6.33
6.33
6.33
6.33
6.33
6.33
6.33
6.33
6.33
6.33
6.33
6.33
6.33
6.33
6.33
6.33
6.33
6.33
6.32
6.32
6.32
6.32
6.32
6.32
6.32
6.32
6.32
6.32
6.32
6.32
6.31
6.31
6.31
6.31
6.31
6.31
6.31
6.31
6.31
6.30
6.30
6.30
6.30
6.30
6.30
6.30
6.30
6.29
6.29
6.29
6.29
6.29
6.29
6.29
6.29
6.28
6.28
6.28
6.28
6.28
6.28
6.28
6.27
6.27
6.27
6.27
6.27
6.27
6.27
6.27
6.26
6.26
6.26
6.26
6.26
6.26
6.26
6.26
6.26
6.25
6.25
6.25
6.25
6.25
6.25
6.25
6.25
6.25
6.25
6.25
6.24
6.24
6.24
6.24
6.24
6.24
6.24
6.24
6.24
6.24
6.24
6.24
6.24
6.24
6.24
6.24
6.24
6.23
6.23
6.23
6.23
6.23
6.23
6.23
6.23
6.23
6.23
6.23
6.23
6.23
6.23
6.23
6.23
6.23
6.23
6.23
6.23
6.23
6.23
6.23
6.23
6.23
6.23
6.23
6.23
6.23
6.23
6.23
6.23
6.23
6.23
6.23
6.23
6.23
6.23
6.23
6.23
6.23
6.23
6.23
6.23
6.23
6.23
6.24
6.24
6.24
6.24
6.24
6.24
6.24
6.24
6.24
6.24
6.24
6.24
6.24
6.24
6.24
6.24
6.24
6.24
6.24
6.24
6.24
6.24
6.24
6.24
6.24
6.24
6.25
6.25
6.25
6.25
6.25
6.25
6.25
6.25
6.25
6.25
6.25
6.25
6.25
6.25
6.26
6.26
6.26
6.26
6.26
6.26
6.26
6.26
6.26
6.26
6.26
6.27
6.27
6.27
6.27
6.27
6.27
6.27
6.27
6.27
6.27
6.28
6.28
6.28
6.28
6.28
6.28
6.28
6.28
6.28
6.29
6.29
6.29
6.29
6.29
6.29
6.29
6.29
6.30
6.30
6.30
6.30
6.30
6.30
6.30
6.30
6.30
6.31
6.31
6.31
6.31
6.31
6.31
6.31
6.31
6.31
6.32
6.32
6.32
6.32
6.32
6.32
6.32
6.32
6.32
6.32
6.32
6.33
6.33
6.33
6.33
6.33
6.33
6.33
6.33
6.33
6.33
6.33
6.33
6.33
6.33
6.33
6.33
6.33
6.33
6.34
6.34
6.34
6.34
6.34
6.34
6.34
6.34
6.34
6.34
6.34
6.34
6.34
6.34
6.34
6.34
6.34
6.34
6.34
6.34
6.34
6.34
6.34
6.34
6.34
6.34
6.34
6.34
6.34
6.34
6.34
6.34
6.34
6.34
6.33
6.33
6.33
6.33
6.33
6.33
6.33
6.33
6.33
6.33
6.33
6.33
6.33
6.33
6.33
6.33
6.33
6.33
6.33
6.33
6.33
6.32
6.32
6.32
6.32
6.32
6.32
6.32
6.32
6.32
6.32
6.32
6.32
6.32
6.32
6.31
6.31
6.31
6.31
6.31
6.31
6.31
6.31
6.31
6.31
6.31
6.31
6.30
6.30
6.30
6.30
6.30
6.30
6.30
6.30
6.30
6.30
6.30
6.29
6.29
6.29
6.29
6.29
6.29
6.29
6.29
6.29
6.29
6.28
6.28
6.28
6.28
6.28
6.28
6.28
6.28
6.28
6.28
6.27
6.27
6.27
6.27
6.27
6.27
6.27
6.27
6.27
6.27
6.26
6.26
6.26
6.26
6.26
6.26
6.26
6.26
6.26
6.26
6.26
6.25
6.25
6.25
6.25
6.25
6.25
6.25
6.25
6.25
6.25
6.25
6.25
6.24
6.24
6.24
6.24
6.24
6.24
6.24
6.24
6.24
6.24
6.24
6.24
6.24
6.24
6.24
6.23
6.23
6.23
6.23
6.23
6.23
6.23
6.23
6.23
6.23
6.23
6.23
6.23
6.23
6.23
6.23
6.23
6.23
6.23
6.23
6.23
6.23
6.23
6.23
6.23
6.23
6.23
6.23
6.23
6.23
6.23
6.23
6.23
6.23
6.23
6.23
6.23
6.23
6.23
6.23
6.23
6.23
6.23
6.23
6.23
6.23
6.23
6.23
6.23
6.23
6.24
6.24
6.24
6.24
6.24
